3 1 1 200
0.0000000000000000D+00 7.1349555023023564D-02 4.5000082009458492D-01 4.0557649515948219D-01 0.0000000000000000D+00 1.3544571777175793D-01 2.6308392712894629D-01 2.3868691906362244D-01 0.0000000000000000D+00 3.4600625312941691D-01 4.1882466955055708D-01 4.9840936442766312D-02 4.9999999999999994D-01 1.5052961814593967D-02 4.4380458999620143D-01 2.2980621018351935D-01 1.0000000000000000D+00 0.0000000000000000D+00 0.0000000000000000D+00 0.0000000000000000D+00 2.6505666297428659D-04
0.0000000000000000D+00 3.3168388472849430D-01 9.1638752345388685D-04 1.9379721198549221D-01 0.0000000000000000D+00 3.1395704337731867D-01 9.9539190353028204D-02 4.1130689839141837D-01 0.0000000000000000D+00 3.9222979561190802D-01 1.3310336502079042D-02 1.1072022238017754D-02 4.9999999999999989D-01 2.3557980373508602D-01 4.0864329243060882D-01 1.6586987557603769D-01 1.0000000000000000D+00 0.0000000000000000D+00 0.0000000000000000D+00 0.0000000000000000D+00 -3.2472558135392815D-04
0.0000000000000000D+00 1.9916967861448553D-01 3.8814892289824587D-01 2.6703880087487541D-02 0.0000000000000000D+00 2.0385217368118688D-01 4.0265084968848402D-01 4.5591431036902841D-01 0.0000000000000000D+00 2.1432818217790631D-01 2.1228874821765023D-01 2.0117576258633330D-01 5.0000000000000000D-01 4.2261924905491949D-01 2.6646293485096867D-01 1.9760432152773313D-02 1.0000000000000000D+00 0.0000000000000000D+00 0.0000000000000000D+00 0.0000000000000000D+00 -1.2255784170991444D-04
0.0000000000000000D+00 3.3520403649931446D-01 2.2269656139541505D-01 2.5705029183151201D-01 0.0000000000000000D+00 7.4400870783556852D-02 3.9722219044624618D-01 3.4415607382432262D-01 0.0000000000000000D+00 4.8380931300265266D-02 1.3314673056963264D-01 2.8874265169390961D-01 5.0000000000000000D-01 2.8462347250518949D-01 3.7476948267252780D-01 1.6892990782112433D-01 1.0000000000000000D+00 0.0000000000000000D+00 0.0000000000000000D+00 0.0000000000000000D+00 -3.8128536930010031D-03
0.0000000000000000D+00 4.4586096424220933D-01 3.6006052342079664D-01 1.6295706064362023D-01 0.0000000000000000D+00 3.1562408429899297D-01 4.7403134759453525D-01 4.5454237688429450D-01 0.0000000000000000D+00 2.7141764298219273D-01 3.1638773707306744D-01 1.8545852964243884D-02 5.0000000000000000D-01 1.3038990918222002D-01 4.2833269651681311D-01 2.2255240434128792D-01 1.0000000000000000D+00 0.0000000000000000D+00 0.0000000000000000D+00 0.0000000000000000D+00 2.6755045560042576D-05
0.0000000000000000D+00 1.3758088588936881D-01 4.3642190494532607D-01 5.5907995830531410D-01 0.0000000000000000D+00 5.3637218542893450D-01 2.9797553766786533D-01 3.4907598970774428D-01 0.0000000000000000D+00 4.0431661318889678D-01 6.1904186530898841D-01 4.1426648995866416D-01 4.9999999999999994D-01 3.1272872635431487D-01 3.8941957248399722D-01 2.3518934482430462D-02 1.0000000000000000D+00 0.0000000000000000D+00 0.0000000000000000D+00 0.0000000000000000D+00 -2.3347371861828619D-07
0.0000000000000000D+00 2.0872727870802309D-02 3.3760445418096130D-01 4.7190361830027916D-01 0.0000000000000000D+00 2.8471221085753090D-01 1.8891724631369652D-01 8.1763025468535894D-02 0.0000000000000000D+00 2.4106097828724862D-01 4.7137032994141337D-01 3.6983035006296761D-01 5.0000000000000000D-01 2.5900183854840497D-01 4.1291591861036775D-01 1.1143828689773597D-01 1.0000000000000000D+00 0.0000000000000000D+00 0.0000000000000000D+00 0.0000000000000000D+00 1.8757180665399521D-05
0.0000000000000000D+00 1.8133514002916581D-01 3.3617231077565701D-01 2.0393203807834553D-01 0.0000000000000000D+00 1.6205003674452920D-01 9.5041893602815022D-02 1.9341469106332665D-01 0.0000000000000000D+00 3.3781313248371675D-01 2.0150309223137147D-03 2.7659024723012343D-01 5.0000000000000000D-01 2.8958959473914647D-01 3.1277610248695886D-01 2.6135985983292137D-01 1.0000000000000000D+00 0.0000000000000000D+00 0.0000000000000000D+00 0.0000000000000000D+00 1.9254436156058890D-03
0.0000000000000000D+00 5.8259988733775347D-01 3.7346064533364820D-01 4.0419095439910591D-01 0.0000000000000000D+00 3.0679537829528664D-01 4.0410103095088495D-02 6.2642791171473100D-01 0.0000000000000000D+00 4.1041301676125069D-01 1.4388911429940016D-01 3.6341068725451020D-01 5.0000000000000000D-01 3.4915756279784566D-01 2.5689722249884683D-01 2.4918429608112638D-01 1.0000000000000000D+00 0.0000000000000000D+00 0.0000000000000000D+00 0.0000000000000000D+00 -1.5629475652167195D-05
0.0000000000000000D+00 1.9333056527929249D-01 2.2385202408917604D-01 2.1988940355747191D-01 0.0000000000000000D+00 1.6448889082588955D-01 1.0043885719209481D-02 8.2435317489024315D-02 0.0000000000000000D+00 6.3624330494771703D-02 2.0983955436238613D-01 3.0912884796357493D-01 4.9999999999999994D-01 2.8666430868706649D-01 2.8618271246114430D-01 2.9312630249322258D-01 1.0000000000000000D+00 0.0000000000000000D+00 0.0000000000000000D+00 0.0000000000000000D+00 -4.9632862139821816D-05
0.0000000000000000D+00 1.7807294205520008D-01 5.8713465732121628D-01 4.6951078752573799D-01 0.0000000000000000D+00 5.8057555096465541D-02 1.1642064219033086D-02 1.0155887580550646D-02 0.0000000000000000D+00 5.2703760730625226D-01 1.7407278882783545D-01 7.6370611617976855D-02 5.0000000000000000D-01 4.3581254497442690D-01 2.4024216428932937D-01 4.8488433058741003D-02 1.0000000000000000D+00 0.0000000000000000D+00 0.0000000000000000D+00 0.0000000000000000D+00 2.6733560090184243D-05
0.0000000000000000D+00 1.3266104874628667D-01 4.3829354334232706D-01 1.3974134117984871D-01 0.0000000000000000D+00 2.2681282004120337D-01 5.9138578368808070D-01 3.7789191436768266D-01 0.0000000000000000D+00 2.6760815420358597D-01 3.9374003453373480D-01 1.9642145962235204D-02 4.9999999999999994D-01 3.2125858954160946D-01 3.4981569224517678D-01 1.5627507832269172D-01 1.0000000000000000D+00 0.0000000000000000D+00 0.0000000000000000D+00 0.0000000000000000D+00 -2.3343256089889916D-03
0.0000000000000000D+00 5.3353892498548439D-02 4.4141295024712335D-01 2.5024135425182009D-01 0.0000000000000000D+00 1.0257120947819889D-01 2.9710564175419557D-01 4.0080515164438119D-01 0.0000000000000000D+00 1.0212484731102344D-02 8.7635793665370356D-03 7.1847943671334041D-02 5.0000000000000000D-01 3.5263032116868437D-01 7.8600889341226776D-02 3.4564976028812566D-01 1.0000000000000000D+00 0.0000000000000000D+00 0.0000000000000000D+00 0.0000000000000000D+00 3.2570389529914212D-01
0.0000000000000000D+00 3.7155043644467434D-01 2.9842457961427599D-01 1.2085941908902684D-01 0.0000000000000000D+00 5.3449647040298565D-01 4.3709459176431997D-01 2.8302805456403968D-01 0.0000000000000000D+00 1.2228170061627536D-01 3.5529555074072344D-01 2.1635176149875188D-01 5.0000000000000000D-01 3.1548725314124892D-01 1.7600011899490034D-01 3.4567578917125574D-01 1.0000000000000000D+00 0.0000000000000000D+00 0.0000000000000000D+00 0.0000000000000000D+00 -6.2232390906264117D-04
0.0000000000000000D+00 6.0381464371248555D-02 3.0671478890797610D-01 9.9418735571430061D-01 0.0000000000000000D+00 8.9930994757913940D-01 3.1470674880517280D-01 8.8182792490419515D-01 0.0000000000000000D+00 3.1879175404411902D-01 9.6479542202622548D-01 7.6404163646397960D-01 5.0000000000000000D-01 4.2747369194914381D-01 2.5921105111166154D-01 8.7105495209060073D-03 1.0000000000000000D+00 0.0000000000000000D+00 0.0000000000000000D+00 0.0000000000000000D+00 -3.6787794312395850D-11
0.0000000000000000D+00 6.0801160450569014D-01 2.6235599221916449D-02 5.6697751253711071D-01 0.0000000000000000D+00 6.6577618502010349D-01 3.9459444861652543D-01 1.1867788792254053D-01 0.0000000000000000D+00 6.0044407701523261D-01 6.7378466396577685D-01 4.8713499662380616D-01 5.0000000000000000D-01 3.5210520176533761D-01 2.6152811714753904D-01 2.4005201692769426D-01 1.0000000000000000D+00 0.0000000000000000D+00 0.0000000000000000D+00 0.0000000000000000D+00 -1.9661892799029605D-08
0.0000000000000000D+00 8.2121679680371013D-02 2.6906155263946285D-01 1.7279494319080163D-01 0.0000000000000000D+00 7.7474791200530108D-02 4.1676804727033175D-02 2.6579064806344865D-01 0.0000000000000000D+00 1.1816571524620964D-01 1.9947540134690150D-01 1.2984886990861005D-01 4.9999999999999994D-01 3.4787330345667400D-01 3.5907105210283574D-01 7.2210999095275070D-03 1.0000000000000000D+00 0.0000000000000000D+00 0.0000000000000000D+00 0.0000000000000000D+00 -6.8361800355067829D-04
0.0000000000000000D+00 8.5832398739202426D-02 1.4005650540712564D-01 4.2180520150977979D-01 0.0000000000000000D+00 3.3447868299819861D-01 1.4490891945453357D-01 9.1036018305765548D-02 0.0000000000000000D+00 2.8822120246517197D-01 3.5798264492996540D-01 3.9836040402541828D-01 5.0000000000000000D-01 1.4694056214452825D-01 3.7708135245560809D-01 2.9362923019839066D-01 1.0000000000000000D+00 0.0000000000000000D+00 0.0000000000000000D+00 0.0000000000000000D+00 -3.0271452750009725D-04
0.0000000000000000D+00 2.2084285364346903D-01 4.4921160697863194D-01 1.0695314723979088D-01 0.0000000000000000D+00 3.3067951363135711D-01 3.8598705960511029D-02 7.7349509444270326D-02 0.0000000000000000D+00 4.1524390541101580D-01 9.7074567428368300D-02 3.4601821679542344D-01 4.9999999999999994D-01 2.7358551146156512D-01 3.8340252661439655D-01 1.6778995948509765D-01 1.0000000000000000D+00 0.0000000000000000D+00 0.0000000000000000D+00 0.0000000000000000D+00 1.2676047271557077D-03
0.0000000000000000D+00 1.9553565940207204D-01 1.6733894801979132D-01 4.9843922021037179D-01 0.0000000000000000D+00 3.4706214054066087D-01 5.4836683674914255D-01 5.0984277150393031D-01 0.0000000000000000D+00 7.7772886435355376D-02 3.1671512896951659D-01 5.9918792820435191D-02 4.9999999999999994D-01 2.2489471975320030D-02 4.2058608317788737D-02 4.9772009916884219D-01 1.0000000000000000D+00 0.0000000000000000D+00 0.0000000000000000D+00 0.0000000000000000D+00 1.5630157538963413D-06
0.0000000000000000D+00 3.6226765189672966D-01 3.8083320472756382D-01 1.5669781294733612D-01 0.0000000000000000D+00 2.8277800806632730D-01 3.5941183848054781D-01 1.7377067676320179D-01 0.0000000000000000D+00 2.6236691717226523D-01 1.0283299119316640D-01 3.7574320087696136D-02 5.0000000000000000D-01 1.2260288185156672D-01 4.0945278909550359D-01 2.5945509604477585D-01 1.0000000000000000D+00 0.0000000000000000D+00 0.0000000000000000D+00 0.0000000000000000D+00 -5.6399369434564930D-02
0.0000000000000000D+00 5.0395887769485659D-01 2.4938391665363638D-01 1.5100385723934864D-01 0.0000000000000000D+00 4.2875050123196401D-01 4.5095222299947668D-01 6.7453370319287371D-03 0.0000000000000000D+00 3.6522740880446025D-01 4.9947207588884220D-02 6.2705634569465971D-02 5.0000000000000000D-01 4.8216375928628258D-01 2.1804055625983518D-02 1.3054766328501952D-01 1.0000000000000000D+00 0.0000000000000000D+00 0.0000000000000000D+00 0.0000000000000000D+00 3.5463956894572946D-03
0.0000000000000000D+00 3.6280858835323643D-01 1.5457777831044670D-01 4.2427910535095495D-02 0.0000000000000000D+00 6.1455878530342553D-02 8.8638971338853192D-02 2.7316662062849978D-01 0.0000000000000000D+00 3.7756201451927610D-02 3.3439286651323064D-01 1.3888687161611193D-01 5.0000000000000000D-01 3.5623852440605225D-01 3.3382682531636543D-01 1.0795260269301221D-01 1.0000000000000000D+00 0.0000000000000000D+00 0.0000000000000000D+00 0.0000000000000000D+00 -3.8680339475064175D-04
0.0000000000000000D+00 2.2962651827502017D-01 4.3224067210306238D-01 9.0731598437203409D-02 0.0000000000000000D+00 5.9085251832621011D-01 3.5901688076224743D-02 9.5201045679996123D-03 0.0000000000000000D+00 8.9036397913541954D-01 2.6781125017307233D-01 5.4057995406394821D-01 4.9999999999999994D-01 4.0762471409348766D-01 2.8387812142519531D-01 5.7055277024167420D-02 1.0000000000000000D+00 0.0000000000000000D+00 0.0000000000000000D+00 0.0000000000000000D+00 5.8341002475735619D-06
0.0000000000000000D+00 5.1108634434291256D-01 5.4265672683710875D-01 5.4264734191298347D-01 0.0000000000000000D+00 6.2312517419335765D-02 1.2041088562520877D-01 3.4569237948314813D-01 0.0000000000000000D+00 5.4833032111649893D-01 3.0378579644141412D-01 3.8507498051108607D-01 5.0000000000000000D-01 3.7032789038786756D-01 1.4497095437487331D-01 3.0305226610027175D-01 1.0000000000000000D+00 0.0000000000000000D+00 0.0000000000000000D+00 0.0000000000000000D+00 6.1557662670670203D-07
0.0000000000000000D+00 2.5838004601725051D-01 2.0714484326810309D-01 6.8410740836417364D-02 0.0000000000000000D+00 2.3607126992143126D-01 8.2677338692504299D-01 3.7657354087467870D-01 0.0000000000000000D+00 5.4817746697736469D-01 5.4099372218244535D-01 7.9092198700448557D-01 5.0000000000000000D-01 3.2829460835677121D-01 2.5792871243381976D-01 2.7512802370188705D-01 1.0000000000000000D+00 0.0000000000000000D+00 0.0000000000000000D+00 0.0000000000000000D+00 1.2444790471283576D-08
0.0000000000000000D+00 6.2085852286260901D-01 1.6605382905812729D+00 1.7514230677161913D+00 0.0000000000000000D+00 5.9356138710238382D-01 6.5535431232369235D-01 1.0667808422141416D+00 0.0000000000000000D+00 1.1349168107340484D+00 1.1681950232069167D+00 4.8043668709093085D-01 5.0000000000000000D-01 3.9936803131196873D-02 4.7781258352059164D-01 1.4177512752608495D-01 1.0000000000000000D+00 0.0000000000000000D+00 0.0000000000000000D+00 0.0000000000000000D+00 -2.2980150384556944D-12
0.0000000000000000D+00 2.9224042309108572D-01 3.7598785331620296D-02 3.9832679379866370D-02 0.0000000000000000D+00 3.3686997470809399D-01 1.5418918683239180D-01 4.2000437540731717D-01 0.0000000000000000D+00 2.6151954340406092D-01 4.5736343889863457D-01 8.1743689641336881D-02 5.0000000000000000D-01 2.6585038144294010D-01 4.2148822282634474D-01 4.0880957735024565D-02 1.0000000000000000D+00 0.0000000000000000D+00 0.0000000000000000D+00 0.0000000000000000D+00 2.4790664792459414D-03
0.0000000000000000D+00 4.9889919829153806D-01 9.1053312400299985D-02 4.0796316599967114D-01 0.0000000000000000D+00 5.1764569410970129D-01 4.3179376356576532D-01 1.6807341460237407D-01 0.0000000000000000D+00 5.6173247064258358D-02 2.7033856236929860D-01 4.8319946795946239D-01 5.0000000000000000D-01 1.5425343681351050D-01 4.6974548960436430D-01 7.4465107450244053D-02 1.0000000000000000D+00 0.0000000000000000D+00 0.0000000000000000D+00 0.0000000000000000D+00 -1.5150063367182717D-06
0.0000000000000000D+00 9.2189865397094028D-01 3.2158199551323353D-02 3.2003201907877754D-01 0.0000000000000000D+00 9.1441255391357379D-01 8.1393623207132126D-01 9.1852901629986872D-01 0.0000000000000000D+00 8.5126070719067159D-01 7.5554166636764442D-01 6.9824235397794465D-01 5.0000000000000000D-01 1.8038883752978294D-01 4.3806306263406342D-01 1.5987689154570836D-01 1.0000000000000000D+00 0.0000000000000000D+00 0.0000000000000000D+00 0.0000000000000000D+00 -2.7950100144876354D-10
0.0000000000000000D+00 5.1762290091838825D-01 4.8355588208493039D-01 1.8290436032891816D-01 0.0000000000000000D+00 4.6643985847296045D-02 6.9761267155211348D-01 5.8527666341118101D-01 0.0000000000000000D+00 3.9774058440721177D-01 3.9202558046388442D-01 6.1644306971220464D-01 5.0000000000000000D-01 3.2825327910779079D-01 2.8654418263941267D-01 2.4523909996265628D-01 1.0000000000000000D+00 0.0000000000000000D+00 0.0000000000000000D+00 0.0000000000000000D+00 -5.2331421915031540D-08
0.0000000000000000D+00 1.3502612585357879D-01 1.2775893200153796D-02 3.3835887807431952D-01 0.0000000000000000D+00 2.1810058636594037D-01 2.9866522780574373D-01 3.2620374338826356D-02 0.0000000000000000D+00 1.8578441951658536D-01 7.2380640624592874D-02 6.5495001761584362D-02 5.0000000000000000D-01 1.3562485341127253D-01 4.3388065205333892D-01 2.0821498243627981D-01 1.0000000000000000D+00 0.0000000000000000D+00 0.0000000000000000D+00 0.0000000000000000D+00 -1.7605872754011017D-05
0.0000000000000000D+00 2.1921350833297026D-01 3.3473491549550438D-01 1.2763683039394225D-01 0.0000000000000000D+00 4.0866872961781838D-03 2.8896464903072677D-01 2.7376925749477010D-01 0.0000000000000000D+00 3.5462660879116648D-01 2.3956438138139002D-01 3.7521727448473985D-01 5.0000000000000000D-01 3.9976241969240917D-01 1.3028490195770354D-01 2.7058427915076971D-01 1.0000000000000000D+00 0.0000000000000000D+00 0.0000000000000000D+00 0.0000000000000000D+00 -2.4135467929824075D-03
0.0000000000000000D+00 2.3512382428190057D-01 1.1051480087599265D-01 2.0242991743105160D-01 0.0000000000000000D+00 2.7518325008496197D-01 4.4534484220107790D-01 4.5063192388890799D-01 0.0000000000000000D+00 1.3514704724345836D-01 3.1741661154101186D-01 2.3666890864446993D-02 4.9999999999999994D-01 3.5134693704827379D-02 2.5126181223468402D-01 4.3085154637161316D-01 1.0000000000000000D+00 0.0000000000000000D+00 0.0000000000000000D+00 0.0000000000000000D+00 -5.4265840167233343D-06
0.0000000000000000D+00 5.7988147600207658D-02 2.7855501756193513D-01 3.2109373475128911D-01 0.0000000000000000D+00 1.1338232605546909D-01 2.5183838318943186D-01 3.0872341562808547D-01 0.0000000000000000D+00 1.3513220862512307D-01 2.5501135792745755D-01 2.6778786050631392D-01 5.0000000000000000D-01 2.1620967040210118D-01 3.1137287074947895D-01 3.2603728894996514D-01 1.0000000000000000D+00 0.0000000000000000D+00 0.0000000000000000D+00 0.0000000000000000D+00 5.8638530476008555D+00
0.0000000000000000D+00 5.0581423825819993D-01 3.0095198955358554D-01 9.2870351976955617D-02 0.0000000000000000D+00 1.3202533335026520D-01 1.1465166110600143D-01 3.0004826611249069D-01 0.0000000000000000D+00 3.9921805404659422D-01 2.7466209100774800D-02 3.5911783331714797D-01 5.0000000000000000D-01 3.7782974190742613D-01 1.8333286628649254D-01 2.7135538739694631D-01 1.0000000000000000D+00 0.0000000000000000D+00 0.0000000000000000D+00 0.0000000000000000D+00 6.2686719488168623D-04
0.0000000000000000D+00 7.1448980514058888D-02 3.1644976106022643D-01 1.7649434610843069D-02 0.0000000000000000D+00 4.2541280590543185D-01 3.5028764191869344D-01 2.7246667646926864D-01 0.0000000000000000D+00 1.1598720741222238D-01 3.9577581448779464D-01 4.1596902627246940D-01 5.0000000000000000D-01 6.0318772403713035D-02 3.3633304729632119D-01 3.6502291296859662D-01 1.0000000000000000D+00 0.0000000000000000D+00 0.0000000000000000D+00 0.0000000000000000D+00 1.9481115849082656D-04
0.0000000000000000D+00 3.3879185989021504D-01 3.5968805063988596D-01 2.2855587195085683D-01 0.0000000000000000D+00 4.7466988182936193D-01 4.9875481017418666D-01 1.9635407306743702D-01 0.0000000000000000D+00 4.1222522019830415D-01 2.2232295349925288D-01 8.4608033483205947D-02 5.0000000000000000D-01 1.6714076566964947D-01 6.4875663196886563D-02 4.6674951823877381D-01 1.0000000000000000D+00 0.0000000000000000D+00 0.0000000000000000D+00 0.0000000000000000D+00 2.3837159604480712D-04
0.0000000000000000D+00 1.0024438013098966D+00 1.2453095933672349D-01 6.2761299620996136D-01 0.0000000000000000D+00 4.2652850267679976D-01 1.2338508281842413D-01 3.0872437373922096D-01 0.0000000000000000D+00 2.5934617209314176D-01 7.8318716781450537D-01 4.1887139685641865D-03 5.0000000000000000D-01 1.9835090234306860D-01 4.5844726380351614D-01 2.1977849093115915D-02 1.0000000000000000D+00 0.0000000000000000D+00 0.0000000000000000D+00 0.0000000000000000D+00 -8.8764600538583841D-08
0.0000000000000000D+00 2.3738929431206940D-01 2.2910502379536979D-01 3.1600088492550166D-01 0.0000000000000000D+00 7.8157658467639710D-02 1.0773106273312946D-01 2.0516353744318644D-01 0.0000000000000000D+00 1.0335953349875801D-01 2.2158097013036368D-01 9.4907142569655739D-02 5.0000000000000000D-01 2.5857394946991497D-01 2.9926455834785948D-01 3.0590887004529715D-01 1.0000000000000000D+00 0.0000000000000000D+00 0.0000000000000000D+00 0.0000000000000000D+00 -9.9405760510620639D-03
0.0000000000000000D+00 4.3992799294108720D-01 2.4642834926002674D-01 2.2177194817767554D-01 0.0000000000000000D+00 3.8664661353104812D-01 3.4750274587588204D-01 2.5780032933679009D-01 0.0000000000000000D+00 1.7317422182962278D-01 1.2834670819013333D-01 4.8862651911804861D-02 5.0000000000000000D-01 3.6489068597442020D-01 5.3350566964071616D-02 3.3765145385993700D-01 1.0000000000000000D+00 0.0000000000000000D+00 0.0000000000000000D+00 0.0000000000000000D+00 2.3397022005272675D-03
0.0000000000000000D+00 4.2761602965516382D-01 7.5671347822548529D-01 5.9683033374526695D-01 0.0000000000000000D+00 7.6343759623921970D-01 1.0711749935767267D-01 3.9239304763967897D-01 0.0000000000000000D+00 4.4901788144031168D-01 2.4408447384465967D-01 3.9447982435432727D-01 5.0000000000000000D-01 2.7981851369964456D-01 4.1436838752060245D-01 6.6243074934375619D-04 1.0000000000000000D+00 0.0000000000000000D+00 0.0000000000000000D+00 0.0000000000000000D+00 -5.3349103904757078D-08
0.0000000000000000D+00 6.4199467118164277D-01 6.5249995251234205D-01 4.4239908230866409D-01 0.0000000000000000D+00 5.7971089109341700D-01 1.1366077116275570D+00 9.9193581999842495D-01 0.0000000000000000D+00 7.1454483157802273D-01 9.4005445848988622D-01 5.4800476148172506D-01 5.0000000000000000D-01 2.9596991156537422D-01 5.6253020173026771D-03 4.0295181774648775D-01 1.0000000000000000D+00 0.0000000000000000D+00 0.0000000000000000D+00 0.0000000000000000D+00 -1.3587277623049426D-10
0.0000000000000000D+00 2.8547854019454355D-01 4.2078052751724077D-01 3.9584777584859404D-01 0.0000000000000000D+00 2.4385975381718775D-01 4.7106212608541648D-01 2.2029312835054132D-01 0.0000000000000000D+00 3.9831626600046227D-01 1.9518190635635677D-01 3.5538078372686710D-01 5.0000000000000000D-01 4.7133585548050067D-01 1.4572427578353414D-01 8.1283127313293749D-02 1.0000000000000000D+00 0.0000000000000000D+00 0.0000000000000000D+00 0.0000000000000000D+00 -1.7463873586955053D-04
0.0000000000000000D+00 2.2459033402261183D-01 1.9232442401603689D-01 1.3019084782386836D-01 0.0000000000000000D+00 1.2747496578937416D-03 1.4096357413796323D-01 1.5425962434536819D-01 0.0000000000000000D+00 1.4679153225690444D-01 3.1196267057092414D-01 2.1169314501286957D-01 5.0000000000000000D-01 2.6581023011044941D-01 3.2524315684991534D-01 2.7122280599339593D-01 1.0000000000000000D+00 0.0000000000000000D+00 0.0000000000000000D+00 0.0000000000000000D+00 -1.9647436863761492D-03
0.0000000000000000D+00 1.7790483420174932D-01 2.6928199795119651D-01 2.3121949850791304D-01 0.0000000000000000D+00 2.3424897165877046D-01 2.2736314950444131D-01 1.4695917113729406D-01 0.0000000000000000D+00 2.2721390526550725D-01 2.2882810585446497D-01 3.3837450965475818D-01 5.0000000000000000D-01 2.8253556226300364D-01 3.0557043449844790D-01 2.7712878886387499D-01 1.0000000000000000D+00 0.0000000000000000D+00 0.0000000000000000D+00 0.0000000000000000D+00 -1.0964505406057244D-01
0.0000000000000000D+00 6.0434184937665947D-01 4.4878530219283375D-01 2.5902197210416616D-01 0.0000000000000000D+00 1.9611635433176572D-01 5.2480382691059491D-01 6.4778979100566014D-01 0.0000000000000000D+00 4.0341059625490266D-01 1.1271842259647882D-01 6.1742408503019264D-01 4.9999999999999994D-01 3.5915659500475777D-01 3.4622925554327905D-01 3.3642872507191834D-02 1.0000000000000000D+00 0.0000000000000000D+00 0.0000000000000000D+00 0.0000000000000000D+00 -3.4064179997419730D-08
0.0000000000000000D+00 2.5486600585957631D-01 3.7197326882190040D-01 2.1107161056071674D-01 0.0000000000000000D+00 1.7739762402108225D-01 3.2806848494056390D-01 9.8600757574197461D-03 0.0000000000000000D+00 2.5330901961128849D-01 4.7255467156296516D-01 3.4485243745847044D-01 5.0000000000000000D-01 2.0074568871006540D-01 3.4408358758123592D-01 3.0217156256264005D-01 1.0000000000000000D+00 0.0000000000000000D+00 0.0000000000000000D+00 0.0000000000000000D+00 -4.3236566517292532D-02
0.0000000000000000D+00 1.0456650495919799D-01 1.0397528587344509D-01 4.4352931085550151D-01 0.0000000000000000D+00 1.3469150684793177D-01 3.7486056152999152D-02 4.1582318652033501D-01 0.0000000000000000D+00 2.6190397496797313D-01 1.8431879541590343D-01 2.5605774198623804D-01 4.9999999999999994D-01 3.6879244942881473D-01 8.4375092243686570D-02 3.2691432066087966D-01 1.0000000000000000D+00 0.0000000000000000D+00 0.0000000000000000D+00 0.0000000000000000D+00 -1.3031591495810906D+00
0.0000000000000000D+00 3.4214890043760543D-01 3.9085796337783291D-01 1.2937134519327864D-01 0.0000000000000000D+00 2.9238274036592238D-01 1.1131677841200370D-01 2.6906484890164922D-01 0.0000000000000000D+00 8.2661540477856787D-02 3.7875541226543963D-01 4.1565907717838907D-01 4.9999999999999994D-01 1.5808989714995897D-01 1.0661915718107288D-01 4.6221200735280887D-01 1.0000000000000000D+00 0.0000000000000000D+00 0.0000000000000000D+00 0.0000000000000000D+00 4.8570126486597470D-04
0.0000000000000000D+00 5.2370171088817452D-01 6.2530309474762735D-01 2.2627955224429671D-02 0.0000000000000000D+00 6.6650668226479370D-01 4.6127589854474471D-01 2.3456789560243360D-01 0.0000000000000000D+00 3.1996532451545651D-01 5.6438802997286630D-01 5.8203937051374788D-01 5.0000000000000000D-01 1.4072841766881503D-01 4.6382103662804841D-01 1.2274183655833946D-01 1.0000000000000000D+00 0.0000000000000000D+00 0.0000000000000000D+00 0.0000000000000000D+00 -7.5653424880825709D-08
0.0000000000000000D+00 4.4279886104499955D-01 2.0185522633429070D-01 4.1553839823367522D-01 0.0000000000000000D+00 3.3139856344334079D-01 2.7588637965529783D-01 1.1921920848005947D-01 0.0000000000000000D+00 2.3963262037810959D-01 6.3080699204586532D-02 6.2843270874550827D-02 5.0000000000000000D-01 3.2571115179180293D-01 1.6431855082911706D-01 3.4192347016821756D-01 1.0000000000000000D+00 0.0000000000000000D+00 0.0000000000000000D+00 0.0000000000000000D+00 1.1007052114929785D-03
0.0000000000000000D+00 1.1212165002436120D-01 3.3481587278984837D-01 3.3496449461053063D-01 0.0000000000000000D+00 1.4242666624737413D-01 4.9598451647056181D-02 1.8509089253024844D-01 0.0000000000000000D+00 2.2954616225455524D-01 4.6609447109557479D-02 8.7070842352108296D-02 5.0000000000000000D-01 2.5801743988510178D-02 2.7856960212016374D-01 4.1440710271635678D-01 1.0000000000000000D+00 0.0000000000000000D+00 0.0000000000000000D+00 0.0000000000000000D+00 9.8745044811629512D-04
0.0000000000000000D+00 1.3445043113480354D-01 2.1551921079020420D-02 4.3703267537147306D-01 0.0000000000000000D+00 5.0593920209504606D-01 5.9857723164026833D-01 3.8069364645074133D-01 0.0000000000000000D+00 2.1260667213607237D-01 5.2019276900339328D-01 7.3302249382947895D-02 5.0000000000000000D-01 4.3002532740486449D-01 5.9124304336865635D-02 2.4815828502595025D-01 1.0000000000000000D+00 0.0000000000000000D+00 0.0000000000000000D+00 0.0000000000000000D+00 1.5164518008003418D-06
0.0000000000000000D+00 2.1804618435802109D-01 1.6645372854695584D-01 7.4263352526628787D-02 0.0000000000000000D+00 1.0206614231547341D-01 3.6125719491904151D-01 2.0375399400860758D-01 0.0000000000000000D+00 2.5544702461642421D-01 9.3340163386007396D-02 3.1491243635166422D-01 5.0000000000000000D-01 1.4540905370656679D-01 2.6147532331979112D-01 4.0060811573777616D-01 1.0000000000000000D+00 0.0000000000000000D+00 0.0000000000000000D+00 0.0000000000000000D+00 -5.3129424942001775D-03
0.0000000000000000D+00 4.2431109778482567D-01 1.9721357976500396D-02 3.4027155600119863D-01 0.0000000000000000D+00 3.6593568337649585D-01 1.3636351474540423D-01 1.6349041369476935D-01 0.0000000000000000D+00 2.4759628087022664D-01 3.9207229614365496D-01 1.7065091035238536D-01 5.0000000000000000D-01 3.7551190872668433D-01 3.2368039407977844D-01 6.4975448384767764D-02 1.0000000000000000D+00 0.0000000000000000D+00 0.0000000000000000D+00 0.0000000000000000D+00 -8.1660014618341867D-02
0.0000000000000000D+00 5.0267494247696021D-01 8.3520876045459873D-03 7.9872028338060841D-02 0.0000000000000000D+00 3.6575602762811482D-01 3.1425266721493886D-02 2.0878214810268916D-01 0.0000000000000000D+00 7.1509851291498699D-02 2.5466559341123263D-01 4.6212799643279506D-01 5.0000000000000000D-01 4.9849612434554597D-01 1.9514163561109913D-02 3.3478521965287729D-02 1.0000000000000000D+00 0.0000000000000000D+00 0.0000000000000000D+00 0.0000000000000000D+00 1.9024173978430578D-03
0.0000000000000000D+00 3.6771481593461014D-01 1.8728503447174770D-02 1.1967679929409844D-01 0.0000000000000000D+00 5.1370433408580045D-02 3.9822693913681151D-02 1.2083101818919438D-02 0.0000000000000000D+00 2.7886780563691388D-01 3.2571718980030950D-01 3.0041492950018267D-01 5.0000000000000000D-01 3.6990141709532731D-01 2.9002367938422269D-01 1.7046761283981862D-01 1.0000000000000000D+00 0.0000000000000000D+00 0.0000000000000000D+00 0.0000000000000000D+00 1.0663445238522781D-03
0.0000000000000000D+00 4.1070033522304150D-01 6.3101924508692075D-01 4.1756004400513391D-01 0.0000000000000000D+00 1.5820584146048300D-01 3.9168240499380565D-02 6.0861272986782855D-01 0.0000000000000000D+00 3.8429869915221782D-01 2.2753177827390617D-01 3.9396790474267707D-01 5.0000000000000000D-01 3.6461965583024203D-01 3.3983312928813419D-01 3.9572096488183599D-02 1.0000000000000000D+00 0.0000000000000000D+00 0.0000000000000000D+00 0.0000000000000000D+00 -1.1244331451422787D-06
0.0000000000000000D+00 1.4039647380442027D-01 1.6401497489735550D-01 7.9242436841148858D-02 0.0000000000000000D+00 3.4981323005553483D-01 1.6857382957368425D-01 2.6327677752065692D-01 0.0000000000000000D+00 2.8361152668858525D-01 2.9543086318956313D-01 2.8661989521922648D-01 5.0000000000000000D-01 2.9897843609713620D-01 9.9995150713566031D-02 3.8808873287262780D-01 1.0000000000000000D+00 0.0000000000000000D+00 0.0000000000000000D+00 0.0000000000000000D+00 -2.3247022072575117D+01
0.0000000000000000D+00 6.7434586594975796D-02 4.1022917899554795D-01 3.8161437012591193D-01 0.0000000000000000D+00 3.8054062897799118D-01 2.3583278882954164D-02 4.0734148575790961D-02 0.0000000000000000D+00 3.6307642737209106D-01 2.0951011569782571D-01 1.6533945824183668D-01 5.0000000000000000D-01 4.3971989193545374D-01 1.7914977764767488D-02 2.3732987634927208D-01 1.0000000000000000D+00 0.0000000000000000D+00 0.0000000000000000D+00 0.0000000000000000D+00 -9.6097347659910182D-04
0.0000000000000000D+00 5.6094927800760497D-01 1.6220928298565507D-01 5.0001281744534765D-01 0.0000000000000000D+00 8.9535243314856305D-01 1.1163517623807004D+00 3.1150144001479075D-02 0.0000000000000000D+00 6.6363687100740887D-01 1.1434918536325292D-01 1.0126995795764351D+00 4.9999999999999994D-01 1.0854001321823675D-01 4.3263174516019041D-02 4.8615569857956148D-01 1.0000000000000000D+00 0.0000000000000000D+00 0.0000000000000000D+00 0.0000000000000000D+00 -6.3439107684733853D-11
0.0000000000000000D+00 5.0121617728540591D-01 2.1428192506736127D-01 8.8943502116105785D-02 0.0000000000000000D+00 5.4361055856385709D-01 5.5205792968310452D-01 5.8554076058958526D-01 0.0000000000000000D+00 2.0780830009189413D-01 2.9064981562324754D-01 1.6788479150764646D-01 5.0000000000000000D-01 3.8119576770888597D-01 2.2584446867974148D-01 2.3169821459734713D-01 1.0000000000000000D+00 0.0000000000000000D+00 0.0000000000000000D+00 0.0000000000000000D+00 1.1666515288624049D-05
0.0000000000000000D+00 3.1141497907672416D-01 3.8003676478679732D-01 2.3214021595038870D-01 0.0000000000000000D+00 4.1603494751397518D-02 2.5933646558613210D-01 1.7828048780334022D-01 0.0000000000000000D+00 3.9264816914770839D-01 2.8588571980884148D-01 3.3174807602764278D-01 5.0000000000000000D-01 2.7869458505422684D-01 2.1285760899512507D-01 3.5640000919518894D-01 1.0000000000000000D+00 0.0000000000000000D+00 0.0000000000000000D+00 0.0000000000000000D+00 1.3296584659159955D-03
0.0000000000000000D+00 3.8173747765367394D-01 1.3372742603852031D-01 7.2082406838945290D-02 0.0000000000000000D+00 1.7000275034637286D-01 2.3919046978593128D-01 4.4700417347357489D-02 0.0000000000000000D+00 1.5853957697678797D-01 2.6389915197585256D-01 2.0002072686597799D-02 5.0000000000000000D-01 3.7408618148153039D-01 2.9888248957916408D-01 1.4397495006954647D-01 1.0000000000000000D+00 0.0000000000000000D+00 0.0000000000000000D+00 0.0000000000000000D+00 3.7229548870459167D-01
0.0000000000000000D+00 1.4411235949926710D-01 1.7034116686212178D-01 1.5713987441086585D-01 0.0000000000000000D+00 3.6159068015054402D-01 2.4204963951800207D-01 2.5416115358507696D-01 0.0000000000000000D+00 7.1861020191578209D-02 4.4173539300713177D-01 1.5727718091649878D-01 5.0000000000000000D-01 1.5823924258740921D-01 3.3258068515752394D-02 4.7313237363761590D-01 1.0000000000000000D+00 0.0000000000000000D+00 0.0000000000000000D+00 0.0000000000000000D+00 -2.1159150508020620D-02
0.0000000000000000D+00 1.9017398054945234D-01 3.6190891253001045D-01 3.6774954576968472D-01 0.0000000000000000D+00 3.8445373137183886D-01 3.2335244143602582D-01 3.6688766670986128D-01 0.0000000000000000D+00 3.6563731709790709D-01 3.1769849258803640D-01 5.3354097791000171D-02 5.0000000000000000D-01 2.0762307896125559D-01 2.2819553650767527D-01 3.9347103349626955D-01 1.0000000000000000D+00 0.0000000000000000D+00 0.0000000000000000D+00 0.0000000000000000D+00 1.6614287218145139D-03
0.0000000000000000D+00 6.7892698187000566D-01 6.0875013481634166D-01 6.4662429329420057D-01 0.0000000000000000D+00 3.1313904476392929D-01 8.1607664154386883D-01 5.5729437452998432D-01 0.0000000000000000D+00 3.4864375214234283D-01 4.0233530484982866D-01 8.4850218270060840D-01 5.0000000000000000D-01 4.6084188414031668D-01 1.4531856025678530D-01 1.2848063615540678D-01 1.0000000000000000D+00 0.0000000000000000D+00 0.0000000000000000D+00 0.0000000000000000D+00 -2.5251995907805342D-09
0.0000000000000000D+00 8.8565291098257637D-01 7.2525201393137140D-01 1.1686063644283151D+00 0.0000000000000000D+00 2.3789550884799734D-01 5.2979825653680124D-01 9.3812645650968807D-01 0.0000000000000000D+00 6.4570640956351871D-02 1.2786847730610904D-01 7.0325686315011104D-01 5.0000000000000000D-01 3.4244674636598421D-01 1.3781108590094993D-01 3.3725113862840000D-01 1.0000000000000000D+00 0.0000000000000000D+00 0.0000000000000000D+00 0.0000000000000000D+00 -4.3140630694446737D-09
0.0000000000000000D+00 2.7118056476922825D-01 2.2580929063053531D-01 3.3674121598859054D-02 0.0000000000000000D+00 3.1235193075108005D-02 3.6490826577327506D-01 2.7594141240326375D-01 0.0000000000000000D+00 7.4372370213000374D-02 3.6971596002016233D-01 9.3731102589206701D-03 5.0000000000000000D-01 1.5791231962361585D-01 3.6362248121086349D-01 3.0470049305694313D-01 1.0000000000000000D+00 0.0000000000000000D+00 0.0000000000000000D+00 0.0000000000000000D+00 1.0430556715761625D-03
0.0000000000000000D+00 1.0497771847106714D-01 3.2974063267255832D-01 2.2126636728588986D-01 0.0000000000000000D+00 3.2019997767193331D-01 3.3029997123633115D-01 1.5739830804945484D-01 0.0000000000000000D+00 2.4994671624372763D-01 2.0143575918645990D-01 3.4951650737301443D-01 4.9999999999999994D-01 2.9528945674368884D-01 2.6852554779287285D-01 3.0116136358861617D-01 1.0000000000000000D+00 0.0000000000000000D+00 0.0000000000000000D+00 0.0000000000000000D+00 5.3844255826214138D-01
0.0000000000000000D+00 5.0483015407699128D-01 1.2975858478043414D-01 1.0184182650896290D-01 0.0000000000000000D+00 3.7769345676285881D-01 3.8960396992423624D-01 2.6010457366447298D-01 0.0000000000000000D+00 2.4634384249369659D-01 2.0419740945561571D-01 4.4643348629041019D-01 5.0000000000000000D-01 4.0270285393716126D-01 2.9566653610999011D-01 2.0290659318644051D-02 1.0000000000000000D+00 0.0000000000000000D+00 0.0000000000000000D+00 0.0000000000000000D+00 -2.1337108863397097D-04
0.0000000000000000D+00 3.1763284339948528D-01 1.7108780275635393D-01 7.0815686305352551D-02 0.0000000000000000D+00 1.1171437312448540D-01 2.5799530512671037D-01 2.0551562268398362D-03 0.0000000000000000D+00 4.4798800716959540D-02 1.1294564370318549D-01 3.3108605511316219D-01 5.0000000000000000D-01 2.7871673362423954D-01 3.6228441688568175D-01 2.0264990421817683D-01 1.0000000000000000D+00 0.0000000000000000D+00 0.0000000000000000D+00 0.0000000000000000D+00 1.7044708815963931D-02
0.0000000000000000D+00 3.4398121994606140D-01 3.3159755649514988D-01 3.1611177251188399D-01 0.0000000000000000D+00 3.2598275205536847D-01 4.9228584957756655D-01 5.7335517011030790D-01 0.0000000000000000D+00 2.4555174566321017D-01 3.7886057690886082D-01 1.8508625366912196D-01 4.9999999999999994D-01 1.8156865721420443D-01 3.0449883671984157D-01 3.5258088597326709D-01 1.0000000000000000D+00 0.0000000000000000D+00 0.0000000000000000D+00 0.0000000000000000D+00 3.8072011411019192D-04
0.0000000000000000D+00 1.8855081081545655D-01 3.3479408596753440D-01 5.5870305704887151D-02 0.0000000000000000D+00 2.1826327079650681D-01 3.4094820828237599D-01 2.5236418451211295D-01 0.0000000000000000D+00 1.9400651390047335D-01 1.2628339968007779D-01 1.3786250060944649D-01 4.9999999999999994D-01 3.2106175422628502D-01 3.0693996457375289D-01 2.2958050466144511D-01 1.0000000000000000D+00 0.0000000000000000D+00 0.0000000000000000D+00 0.0000000000000000D+00 -1.9615833465640642D+00
0.0000000000000000D+00 7.7650915067499571D-01 7.9933210009605615D-01 7.3123234254847536D-01 0.0000000000000000D+00 3.3126773912988300D-01 4.0120638654113594D-01 6.8765608792460653D-01 0.0000000000000000D+00 3.2195119464965211D-01 6.4744280340156868D-01 4.1594237344716634D-01 5.0000000000000000D-01 2.9076830731593445D-01 3.9410753856088121D-01 1.0066299970748864D-01 1.0000000000000000D+00 0.0000000000000000D+00 0.0000000000000000D+00 0.0000000000000000D+00 -2.0956646126516451D-08
0.0000000000000000D+00 1.8922812262510191D-01 2.2162815692307372D-01 9.6956021745381090D-03 0.0000000000000000D+00 9.1851997196960036D-02 1.3891075219820428D-01 4.5793305975838272D-01 0.0000000000000000D+00 3.1471254087621936D-01 1.5327613209749924D-01 5.3258019051760941D-01 5.0000000000000000D-01 1.3767638245419958D-01 2.7425695971047009D-01 3.9475097690150757D-01 1.0000000000000000D+00 0.0000000000000000D+00 0.0000000000000000D+00 0.0000000000000000D+00 -4.0139819872120808D-04
0.0000000000000000D+00 3.4506399474101701D-01 2.1637743870620521D-01 3.8782867260455656D-01 0.0000000000000000D+00 2.4247804757171959D-01 3.5711543317624406D-01 2.4526445009637698D-01 0.0000000000000000D+00 4.8490941213510885D-01 3.5747225295850865D-01 4.5609803818510750D-02 5.0000000000000000D-01 6.4623393036973995D-02 4.8242376337467308D-01 1.1441647435490339D-01 1.0000000000000000D+00 0.0000000000000000D+00 0.0000000000000000D+00 0.0000000000000000D+00 2.7710743293397331D-03
0.0000000000000000D+00 1.0398607564243332D-02 1.0074875481511460D-01 1.9089026587281346D-01 0.0000000000000000D+00 3.7883412481115747D-01 1.5879964239353234D-01 2.8785723138581232D-01 0.0000000000000000D+00 3.3196327651145791D-01 3.5474406787982041D-02 2.4345012255685933D-01 4.9999999999999994D-01 3.9618730396514590D-01 2.1866475748425346D-01 2.1265310722202413D-01 1.0000000000000000D+00 0.0000000000000000D+00 0.0000000000000000D+00 0.0000000000000000D+00 -4.1743220727230157D-01
0.0000000000000000D+00 1.7907218132056338D-01 4.8866431019616940D-01 5.0079890196594068D-01 0.0000000000000000D+00 5.3287322258288528D-02 2.8553919911861897D-01 2.1673888458395280D-01 0.0000000000000000D+00 3.4690586211949193D-01 6.1281097310227926D-02 1.3704540617710931D-01 5.0000000000000000D-01 1.4397637748273268D-01 2.4777217597035683D-01 4.0973131628161430D-01 1.0000000000000000D+00 0.0000000000000000D+00 0.0000000000000000D+00 0.0000000000000000D+00 -2.8737679685227937D-05
0.0000000000000000D+00 4.9402928254685269D-01 4.5289669922166548D-01 3.8976903264206775D-01 0.0000000000000000D+00 5.0213790948752779D-02 2.2443574567023755D-01 3.8510128898848450D-01 0.0000000000000000D+00 1.6945554805182586D-01 2.9244959604992743D-01 5.2122924814444294D-01 4.9999999999999994D-01 6.6894147121866240D-02 4.9174248890375699D-01 6.0946679052894630D-02 1.0000000000000000D+00 0.0000000000000000D+00 0.0000000000000000D+00 0.0000000000000000D+00 1.2927108542639146D-05
0.0000000000000000D+00 1.8062299461352771D-01 4.2326397217493988D-01 9.4059790207378383D-02 0.0000000000000000D+00 2.4344397215262886D-01 1.9475982047602550D-01 4.1510988828481699D-01 0.0000000000000000D+00 4.6378413781002475D-01 1.3491524560697646D-01 2.3022975172746071D-01 5.0000000000000000D-01 4.1840939766206414D-01 2.5468862471247705D-01 1.0033583801481759D-01 1.0000000000000000D+00 0.0000000000000000D+00 0.0000000000000000D+00 0.0000000000000000D+00 1.0966497725901856D-02
0.0000000000000000D+00 3.6833780204460653D-01 1.6344463783016430D-01 2.3563460918569804D-01 0.0000000000000000D+00 4.1514158319711060D-03 4.7952088890012090D-01 3.1869679034145976D-01 0.0000000000000000D+00 4.4889928538390333D-01 4.6968686195416659D-01 1.2971917527954882D-01 5.0000000000000000D-01 2.6208991828525902D-01 2.1346481062924608D-01 3.6843133601289452D-01 1.0000000000000000D+00 0.0000000000000000D+00 0.0000000000000000D+00 0.0000000000000000D+00 1.6745302121736638D-05
0.0000000000000000D+00 3.3546015602363094D-01 9.1018675166732926D-02 1.0933887946160796D-01 0.0000000000000000D+00 2.8125194739876463D-01 1.6392710374550751D-01 5.1849680211002003D-02 0.0000000000000000D+00 7.7777819708819931D-02 2.2334496657456523D-01 2.3833625006769779D-01 5.0000000000000000D-01 3.8232578314080073D-01 2.1216700801299238D-01 2.4251217754287774D-01 1.0000000000000000D+00 0.0000000000000000D+00 0.0000000000000000D+00 0.0000000000000000D+00 -1.7272945565361246D-03
0.0000000000000000D+00 6.8691155671642246D-02 1.9095481408262877D-01 1.2911369368175862D-01 0.0000000000000000D+00 3.2091281592130805D-01 1.2323738852874516D-01 9.8938089869084783D-02 0.0000000000000000D+00 1.6967322510113694D-01 2.1714159275923633D-01 1.5615719979170761D-01 4.9999999999999994D-01 2.7952376782067495D-01 8.3619024939499006D-02 4.0604719170498005D-01 1.0000000000000000D+00 0.0000000000000000D+00 0.0000000000000000D+00 0.0000000000000000D+00 -6.6542130588641531D-03
0.0000000000000000D+00 5.7133034825435103D-01 4.4013117082201170D-01 4.7869841547569264D-02 0.0000000000000000D+00 2.6831629268638335D-01 5.6798551959384436D-01 5.3091328307513064D-01 0.0000000000000000D+00 6.6827023784991979D-01 7.3374661124323970D-01 2.5955893154078985D-01 5.0000000000000000D-01 4.0635977964273046D-01 2.7163723228292214D-01 1.0528505841944229D-01 1.0000000000000000D+00 0.0000000000000000D+00 0.0000000000000000D+00 0.0000000000000000D+00 -2.4238346712885970D-08
0.0000000000000000D+00 6.1865388374349503D-02 1.1323801856608179D-01 3.8867018840052711D-02 0.0000000000000000D+00 2.3790567208914321D-01 3.1035878148276125D-01 2.4861138817260575D-01 0.0000000000000000D+00 3.0234256435236473D-01 9.9894457560830430D-02 8.8042274267364079D-02 5.0000000000000000D-01 2.5059925256691334D-01 3.9043539259377730D-01 1.8644092582651320D-01 1.0000000000000000D+00 0.0000000000000000D+00 0.0000000000000000D+00 0.0000000000000000D+00 -1.5308887183177271D-03
0.0000000000000000D+00 2.6674121261806485D-03 1.2624589066485231D-02 1.9222127555892699D-01 0.0000000000000000D+00 3.8744264721185417D-01 5.3242815299950876D-02 1.4135281840400701D-01 0.0000000000000000D+00 4.2856612556886131D-01 6.2015577976877800D-01 2.1474111940883353D-01 5.0000000000000000D-01 3.7848006562321818D-01 3.2640597672928634D-01 1.4559473934351657D-02 1.0000000000000000D+00 0.0000000000000000D+00 0.0000000000000000D+00 0.0000000000000000D+00 2.5689690895245123D-04
0.0000000000000000D+00 3.9364184459577728D-01 1.6641648239171927D-01 2.9934386749926639D-01 0.0000000000000000D+00 9.1893605929934652D-01 8.1298321401884710D-01 4.8958934947296667D-02 0.0000000000000000D+00 9.2343566085198447D-02 8.6516890193527718D-01 1.2317591748690369D-01 5.0000000000000000D-01 3.7834843075772484D-01 3.2144178128048168D-01 5.9393991197747131D-02 1.0000000000000000D+00 0.0000000000000000D+00 0.0000000000000000D+00 0.0000000000000000D+00 -2.2753428006301121D-08
0.0000000000000000D+00 1.4676007965740130D-02 6.5462859084402483D-02 1.8801843111750965D-01 0.0000000000000000D+00 4.3962413245325971D-01 3.0057267596047493D-01 1.1397151425745700D-01 0.0000000000000000D+00 3.2000230421990111D-01 1.2883690191346617D-01 2.4259363360827163D-01 4.9999999999999994D-01 1.5152870239223826D-01 4.4667030754263676D-01 1.6590566208267504D-01 1.0000000000000000D+00 0.0000000000000000D+00 0.0000000000000000D+00 0.0000000000000000D+00 -1.5088457548387513D-04
0.0000000000000000D+00 4.6066617783252428D-01 3.6758285762249965D-01 4.8346136640084358D-01 0.0000000000000000D+00 3.4749938708631134D-01 4.9897397300712221D-01 2.3227168071121673D-01 0.0000000000000000D+00 3.8925840435828807D-01 3.5579863546681023D-01 3.0253897990478679D-01 4.9999999999999994D-01 3.2358193544724073D-01 3.0714142474932654D-01 2.2574072794950292D-01 1.0000000000000000D+00 0.0000000000000000D+00 0.0000000000000000D+00 0.0000000000000000D+00 -1.6698479642834131D-04
0.0000000000000000D+00 6.9541795492753211D-01 4.8981620076050081D-01 4.2509384646579118D-01 0.0000000000000000D+00 4.1755959861303225D-02 3.9366798276651088D-01 1.3558671634116623D-01 0.0000000000000000D+00 1.6645639530981779D-01 3.3644734746811833D-01 4.2264274908155536D-01 5.0000000000000000D-01 1.9385209285722999D-01 2.0973902510525280D-01 4.1040334726067967D-01 1.0000000000000000D+00 0.0000000000000000D+00 0.0000000000000000D+00 0.0000000000000000D+00 3.2955179393919281D-05
0.0000000000000000D+00 3.1492156322595594D-01 2.6837442985031379D-01 6.9044522780175324D-02 0.0000000000000000D+00 2.4853697781858186D-01 4.3549562165141903D-01 3.6214632610830416D-01 0.0000000000000000D+00 3.6251484384385418D-01 5.6153293653706915D-01 4.8124099880170185D-01 5.0000000000000000D-01 4.5557141004288554D-01 2.0239282278754312D-02 2.0504892539191219D-01 1.0000000000000000D+00 0.0000000000000000D+00 0.0000000000000000D+00 0.0000000000000000D+00 6.6453784789551398D-06
0.0000000000000000D+00 2.7529975794099387D-01 6.2842076950272246D-02 3.6851460711693401D-01 0.0000000000000000D+00 5.7256208359970216D-02 3.5465643517823053D-01 8.7247291022837486D-02 0.0000000000000000D+00 3.3951534731023014D-01 3.4219403634604750D-01 1.3533365548871767D-01 4.9999999999999994D-01 3.5847721063308041D-01 6.4453752373210535D-02 3.4254897936169498D-01 1.0000000000000000D+00 0.0000000000000000D+00 0.0000000000000000D+00 0.0000000000000000D+00 -3.8552071270242468D-02
0.0000000000000000D+00 1.2968508968836781D-01 1.4938343083069261D-01 4.0040012803401755D-02 0.0000000000000000D+00 2.0417701753964865D-01 9.1643022210336822D-02 2.2655612990216489D-01 0.0000000000000000D+00 2.7157273963211537D-01 2.0508706083575251D-01 2.7805912762027840D-03 5.0000000000000000D-01 3.2353288751178622D-01 3.1243945592202127D-01 2.1842174132040343D-01 1.0000000000000000D+00 0.0000000000000000D+00 0.0000000000000000D+00 0.0000000000000000D+00 -6.5357211379037427D-03
0.0000000000000000D+00 2.4673977676378239D-01 3.6533374979679584D-01 5.7396893113410707D-01 0.0000000000000000D+00 2.9876716218795446D-01 5.0661638980750123D-01 3.8915894386466171D-01 0.0000000000000000D+00 2.7454898332316380D-01 6.0694145284379697D-01 2.6554536301297754D-01 5.0000000000000000D-01 3.9385324201652522D-01 3.4636802208924108D-02 3.0607174924486630D-01 1.0000000000000000D+00 0.0000000000000000D+00 0.0000000000000000D+00 0.0000000000000000D+00 -2.8864880047162205D-06
0.0000000000000000D+00 1.2547933900861280D-02 2.3615109671307474D-01 1.9795421687014076D-04 0.0000000000000000D+00 1.4107891055401372D-02 3.7269153447508578D-02 4.6810433745480225D-02 0.0000000000000000D+00 1.7039861164884837D-01 1.1949150545638192D-01 9.0855173387273280D-02 4.9999999999999994D-01 3.2988630972828659D-01 3.0485912222146200D-01 2.1962681587687019D-01 1.0000000000000000D+00 0.0000000000000000D+00 0.0000000000000000D+00 0.0000000000000000D+00 9.5676373648090091D-04
0.0000000000000000D+00 3.0650007460346745D-01 3.1323370888570956D-01 9.3687692625511618D-02 0.0000000000000000D+00 3.0886892296310309D-01 9.1638791186852767D-02 2.1489231821950433D-01 0.0000000000000000D+00 1.3669376709321043D-01 6.0628158860336408D-02 2.9685801086960334D-01 4.9999999999999994D-01 3.5016002101983057D-01 1.1987307434986477D-01 3.3618210202999144D-01 1.0000000000000000D+00 0.0000000000000000D+00 0.0000000000000000D+00 0.0000000000000000D+00 -5.8588178603224839D-03
0.0000000000000000D+00 1.6608786557755112D-01 3.1540807027561629D-01 4.7764810812427577D-01 0.0000000000000000D+00 3.7033739666765658D-01 2.6701763393838764D-02 2.0859437391905886D-01 0.0000000000000000D+00 1.8050051981211235D-01 1.4098958933489023D-01 3.9147386555348163D-01 5.0000000000000000D-01 2.1154314506741256D-01 3.3540298856266765D-01 3.0455596043784577D-01 1.0000000000000000D+00 0.0000000000000000D+00 0.0000000000000000D+00 0.0000000000000000D+00 -9.4187698087628560D-04
0.0000000000000000D+00 1.9579087655875865D-01 2.1137747976076218D-02 2.5390218047473834D-01 0.0000000000000000D+00 3.3627378218236847D-01 6.4962141724798195D-02 2.4247498110305124D-01 0.0000000000000000D+00 1.8388622801337595D-01 1.2863624699186252D-01 2.6800809171207873D-01 5.0000000000000000D-01 3.6789327737823696D-01 8.1729896896665308D-03 3.3850810728759839D-01 1.0000000000000000D+00 0.0000000000000000D+00 0.0000000000000000D+00 0.0000000000000000D+00 9.9274378312939351D-02
0.0000000000000000D+00 2.3280423718642823D-01 5.0653407576551357D-01 1.0613113299441909D-01 0.0000000000000000D+00 4.3530464045440898D-01 6.0562173586329267D-02 2.0387158391334156D-01 0.0000000000000000D+00 5.8918602226340500D-01 3.9887123984234912D-01 4.7657108705940754D-01 4.9999999999999994D-01 2.8022711535597600D-01 2.8621766089235601D-01 2.9925276007511908D-01 1.0000000000000000D+00 0.0000000000000000D+00 0.0000000000000000D+00 0.0000000000000000D+00 1.8135309685068857D-05
0.0000000000000000D+00 9.8499674924148972D-01 9.2141736177751010D-01 2.4685978710258075D-01 0.0000000000000000D+00 5.6132823261648668D-01 6.9053630655204068D-01 7.2799780845110695D-01 0.0000000000000000D+00 1.1807024736004208D+00 1.0698345439322918D+00 1.9094809558656231D-01 5.0000000000000000D-01 4.7917629208417128D-01 1.3883053324114614D-01 3.3409042854353282D-02 1.0000000000000000D+00 0.0000000000000000D+00 0.0000000000000000D+00 0.0000000000000000D+00 -4.2621868711794251D-11
0.0000000000000000D+00 3.6325111201859134D-02 8.9108506723506425D-02 3.7309755238606190D-01 0.0000000000000000D+00 3.2495248114318331D-01 3.8858187804067612D-01 1.4050792936702783D-01 0.0000000000000000D+00 7.5737511581444344D-02 4.7343562930983674D-01 4.0229350503206507D-01 4.9999999999999994D-01 4.6110507217448016D-01 9.1497459192491134D-03 1.9312792279880348D-01 1.0000000000000000D+00 0.0000000000000000D+00 0.0000000000000000D+00 0.0000000000000000D+00 1.1783737898086847D-05
0.0000000000000000D+00 4.0472663247384860D-01 4.7003758936739015D-01 5.8279433543521164D-01 0.0000000000000000D+00 3.4338117778721083D-01 2.4954960052162614D-01 3.3997755918148422D-03 0.0000000000000000D+00 5.1332562163497764D-01 6.2717984907627322D-01 5.7934337355556920D-01 5.0000000000000000D-01 4.2290699933146492D-01 2.1869569443954234D-01 1.5271497356206648D-01 1.0000000000000000D+00 0.0000000000000000D+00 0.0000000000000000D+00 0.0000000000000000D+00 4.3510656008736028D-08
0.0000000000000000D+00 3.1719892185658022D-01 3.8285116132232055D-01 3.9304085565382729D-01 0.0000000000000000D+00 7.1872330600792914D-02 2.3957231532539211D-01 2.1000829314578509D-01 0.0000000000000000D+00 1.7493595041920373D-01 3.2513115132677040D-01 3.8299564304819705D-01 4.9999999999999994D-01 2.9657338515957227D-01 2.8662015645528616D-01 2.8265369823962899D-01 1.0000000000000000D+00 0.0000000000000000D+00 0.0000000000000000D+00 0.0000000000000000D+00 4.0651071061239405D-03
0.0000000000000000D+00 2.9307190829153384D-01 2.4069451504508280D-01 1.1117188100980453D-01 0.0000000000000000D+00 3.4953786830639727D-01 5.3404610002862993D-02 2.8873628399329049D-01 0.0000000000000000D+00 1.7353522640528962D-01 2.5110183936249619D-01 2.8763682207318875D-01 4.9999999999999994D-01 2.1476182833582380D-01 4.3860296435376855D-01 1.0726041557788664D-01 1.0000000000000000D+00 0.0000000000000000D+00 0.0000000000000000D+00 0.0000000000000000D+00 5.0312459001016713D-03
0.0000000000000000D+00 7.0784422183496768D-03 5.5568321681938704D-01 1.8149804170839601D-01 0.0000000000000000D+00 1.6175762660598592D-01 2.4173489354000330D-01 3.4609815576440578D-01 0.0000000000000000D+00 5.7363279939889922D-01 4.1157425337407810D-01 1.8517008190975220D-01 4.9999999999999994D-01 3.1103356892697037D-01 2.6100488384153236D-01 2.9177828845104242D-01 1.0000000000000000D+00 0.0000000000000000D+00 0.0000000000000000D+00 0.0000000000000000D+00 1.7731605165652944D-05
0.0000000000000000D+00 1.5967788290769386D-01 6.4090852536578799D-02 1.5121843521924880D-01 0.0000000000000000D+00 1.4877323721940924D-01 7.6747660024478082D-02 3.1235939527504064D-01 0.0000000000000000D+00 1.3764717472203081D-01 5.7922776308265866D-02 2.1675171050790121D-01 4.9999999999999994D-01 3.2303677917890156D-01 2.9845759754234674D-01 2.3784512138568686D-01 1.0000000000000000D+00 0.0000000000000000D+00 0.0000000000000000D+00 0.0000000000000000D+00 4.9610028302721860D-04
0.0000000000000000D+00 4.2342014183955329D-01 1.9467890959259515D-01 8.2659046424516186D-02 0.0000000000000000D+00 1.4770261684648825D-01 2.0234703006731344D-01 1.6167539833176109D-01 0.0000000000000000D+00 2.7092927940873718D-01 8.6320123466790105D-02 7.5448148218519653D-02 5.0000000000000000D-01 1.4637867602569662D-01 1.1381572547145417D-01 4.6434821399502635D-01 1.0000000000000000D+00 0.0000000000000000D+00 0.0000000000000000D+00 0.0000000000000000D+00 4.6014343554988057D-05
0.0000000000000000D+00 3.3934185834895941D-01 1.2525044804752533D-01 2.7095057423602120D-01 0.0000000000000000D+00 5.5041148221647906D-01 3.6462746038508231D-01 3.4966776217108625D-01 0.0000000000000000D+00 2.4702616762390406D-01 1.2362570317267257D-01 3.9479756386015824D-01 5.0000000000000000D-01 4.8701871198322720D-02 4.9629573307299463D-01 3.6313538457727973D-02 1.0000000000000000D+00 0.0000000000000000D+00 0.0000000000000000D+00 0.0000000000000000D+00 -4.3126881281462140D-05
0.0000000000000000D+00 3.0537000125343178D-01 1.5655373916477638D-01 2.7921046558065993D-01 0.0000000000000000D+00 2.4181144400145721D-01 5.2852573574433119D-02 2.2032957693480820D-01 0.0000000000000000D+00 3.0345851339095321D-02 9.8695118578022420D-02 1.5616085730312662D-01 5.0000000000000000D-01 1.1688312371708758D-01 2.7076061124250050D-01 4.0376605452876241D-01 1.0000000000000000D+00 0.0000000000000000D+00 0.0000000000000000D+00 0.0000000000000000D+00 2.3926000996736976D+00
0.0000000000000000D+00 1.8253951431515203D-01 4.2895381128392845D-01 1.1514137247426076D-01 0.0000000000000000D+00 3.6283238818258245D-01 1.7786369235597091D-01 2.7384561641345956D-01 0.0000000000000000D+00 4.5311593153068069D-02 4.2320241443476780D-01 1.0682201079350664D-01 5.0000000000000000D-01 2.3706237905912947D-01 1.4849024302684305D-01 4.1442982054945654D-01 1.0000000000000000D+00 0.0000000000000000D+00 0.0000000000000000D+00 0.0000000000000000D+00 1.7982175214194646D-03
0.0000000000000000D+00 2.7801503021058294D-01 2.8861319587222883D-01 3.5408928669582224D-01 0.0000000000000000D+00 1.1958438433051738D-01 2.7327051675659866D-02 3.8871565358096671D-01 0.0000000000000000D+00 1.4806573705999521D-01 3.8107592066978879D-01 4.4880611195134607D-01 5.0000000000000000D-01 2.9518423881415756D-01 4.8459299607463473D-02 4.0064692865072671D-01 1.0000000000000000D+00 0.0000000000000000D+00 0.0000000000000000D+00 0.0000000000000000D+00 2.2804000608665363D-04
0.0000000000000000D+00 2.6928895720173662D-01 1.0453899708782448D-01 8.8372523983823406D-02 0.0000000000000000D+00 2.1584728949592843D-01 5.1681223500268755D-02 3.8517582998246913D-01 0.0000000000000000D+00 3.0093307288791632D-01 3.4830099270632470D-01 1.6317341268347360D-01 5.0000000000000000D-01 3.9247582275420262D-01 5.6948119047204787D-02 3.0449899883316056D-01 1.0000000000000000D+00 0.0000000000000000D+00 0.0000000000000000D+00 0.0000000000000000D+00 4.0321210399095336D-03
0.0000000000000000D+00 9.7420740384043067D-02 1.3895922754987632D-03 4.6257462245387064D-02 0.0000000000000000D+00 7.7118066924512285D-02 2.9208360431486402D-01 1.4465563547667351D-01 0.0000000000000000D+00 1.8444241823561158D-01 2.3477867759673404D-01 1.0241657284610602D-01 5.0000000000000000D-01 2.4428786058157084D-01 2.5696779445964635D-01 3.5254927851723650D-01 1.0000000000000000D+00 0.0000000000000000D+00 0.0000000000000000D+00 0.0000000000000000D+00 2.9689314945534974D-04
0.0000000000000000D+00 3.4830085449571657D-01 5.9239718230525196D-01 6.7029427506870565D-01 0.0000000000000000D+00 5.3256034943615738D-01 2.9173027628224779D-01 1.8838147975604386D-01 0.0000000000000000D+00 6.7692071366541540D-02 5.7559444583572861D-01 8.9764915245107921D-02 5.0000000000000000D-01 3.8753565039307020D-01 3.1440622164932430D-01 3.1061993860923464D-02 1.0000000000000000D+00 0.0000000000000000D+00 0.0000000000000000D+00 0.0000000000000000D+00 -3.1226058151477131D-07
0.0000000000000000D+00 8.8536875105552540D-02 3.3991532283499026D-01 2.2250506452288515D-01 0.0000000000000000D+00 3.8184129562884694D-01 3.7505839299511023D-01 3.8840126544503036D-02 0.0000000000000000D+00 2.8011089081193746D-01 1.7620888139260122D-02 1.7459161558878167D-01 4.9999999999999994D-01 1.8248474429249226D-01 3.9525708410533289D-01 2.4590883588243323D-01 1.0000000000000000D+00 0.0000000000000000D+00 0.0000000000000000D+00 0.0000000000000000D+00 -1.9781488849425784D-04
0.0000000000000000D+00 7.2301674939893507D-02 1.9397613820017939D-01 1.9857358844582657D-01 0.0000000000000000D+00 7.4993563850155695D-02 1.3688997934265024D-01 3.3391646956368443D-01 0.0000000000000000D+00 3.7348297355730820D-01 2.9562398068762769D-01 2.4545009882553044D-02 5.0000000000000000D-01 3.4471679705062119D-01 1.7445936437916398D-01 3.1738660969168020D-01 1.0000000000000000D+00 0.0000000000000000D+00 0.0000000000000000D+00 0.0000000000000000D+00 -3.0445628122152115D-04
0.0000000000000000D+00 5.7906755088035097D-02 4.8376201302011333D-02 2.9699009298059031D-01 0.0000000000000000D+00 9.3527253250899459D-02 1.4103415865683753D-02 1.6412544569546511D-01 0.0000000000000000D+00 3.2447475026245232D-01 2.7367924211286404D-01 1.2981356836177121D-01 5.0000000000000000D-01 3.2529528421007475D-01 2.6096062357245237D-01 2.7583062015549237D-01 1.0000000000000000D+00 0.0000000000000000D+00 0.0000000000000000D+00 0.0000000000000000D+00 -1.8332428847555762D-03
0.0000000000000000D+00 4.7144644497343668D-01 2.8776919323123851D-01 6.6087144608394188D-01 0.0000000000000000D+00 3.4340517883015559D-01 6.8198264147564203D-01 4.0291861278154950D-01 0.0000000000000000D+00 6.6389792835285855D-01 3.4816788110692853D-01 3.1143937039616931D-01 5.0000000000000000D-01 4.2954526795057602D-01 2.3153270574549575D-01 1.0901132487699404D-01 1.0000000000000000D+00 0.0000000000000000D+00 0.0000000000000000D+00 0.0000000000000000D+00 -8.0269054429103622D-08
0.0000000000000000D+00 3.5905007329612831D-01 5.1844812389550665D-01 1.6923484157515889D-01 0.0000000000000000D+00 5.2701324191357324D-01 4.7955736093268991D-01 4.7257957202880141D-01 0.0000000000000000D+00 2.5291756028240814D-01 6.0849119161635923D-01 4.8184160243569091D-01 4.9999999999999994D-01 3.5071332819367668D-01 6.9155809892122930D-02 3.4959638926264519D-01 1.0000000000000000D+00 0.0000000000000000D+00 0.0000000000000000D+00 0.0000000000000000D+00 -2.8451150069880026D-07
0.0000000000000000D+00 6.6567301066292406D-03 4.1761183995741302D-01 1.5584948698903664D-01 0.0000000000000000D+00 1.7049844268826250D-01 2.5499126982631343D-01 2.9506756985577243D-01 0.0000000000000000D+00 2.6973107894917475D-01 2.2446083128257063D-01 2.9362858334799546D-01 4.9999999999999994D-01 3.9212284564977057D-01 2.0654015999692035D-01 2.3147534691187466D-01 1.0000000000000000D+00 0.0000000000000000D+00 0.0000000000000000D+00 0.0000000000000000D+00 -6.2568481086025740D-01
0.0000000000000000D+00 2.9203882554353305D-01 1.2275045903788378D-03 5.7918039686575419D-02 0.0000000000000000D+00 1.1713669540256035D-01 7.7100340544035001D-02 3.2291070221416379D-01 0.0000000000000000D+00 5.3415260001290932D-02 3.8881031303677746D-02 1.1431523339654499D-01 5.0000000000000000D-01 1.8330772265300452D-01 2.9605135646718200D-01 3.5882011252117779D-01 1.0000000000000000D+00 0.0000000000000000D+00 0.0000000000000000D+00 0.0000000000000000D+00 2.0463226379376562D-02
0.0000000000000000D+00 5.0283625580520297D-01 3.5938081326551186D-01 2.2195412602037102D-02 0.0000000000000000D+00 3.7461418831422032D-02 3.7230690818134388D-01 4.8395495155041407D-01 0.0000000000000000D+00 1.5672498556055783D-01 5.7210447579304580D-01 3.2487914100957510D-01 5.0000000000000000D-01 3.3868203993755269D-01 3.6515623774672101D-01 4.4219880804883933D-02 1.0000000000000000D+00 0.0000000000000000D+00 0.0000000000000000D+00 0.0000000000000000D+00 -3.2311379046239475D-06
0.0000000000000000D+00 9.1570582557909425D-02 5.0313169922583811D-01 1.4365071801661450D-01 0.0000000000000000D+00 4.4763635575055846D-02 1.5178393661318931D-01 3.9024799026464319D-01 0.0000000000000000D+00 1.4123949023263954D-01 1.1317152802826529D-01 1.4893584106935059D-01 5.0000000000000000D-01 2.5818984626078861D-01 3.9637618235887573D-01 1.6193802933972498D-01 1.0000000000000000D+00 0.0000000000000000D+00 0.0000000000000000D+00 0.0000000000000000D+00 1.6403752770174113D-03
0.0000000000000000D+00 5.2503472824852571D-01 5.8656727807471987D-01 4.9408401539280628D-01 0.0000000000000000D+00 4.5155156553542242D-02 1.8961062323926120D-01 5.5645602336646960D-01 0.0000000000000000D+00 5.1654457283047994D-01 8.0093686387764623D-02 2.6580490115387295D-01 5.0000000000000000D-01 2.1875249577733188D-01 4.4927671328286678D-01 1.7256317478915120D-02 1.0000000000000000D+00 0.0000000000000000D+00 0.0000000000000000D+00 0.0000000000000000D+00 -2.9049297194000040D-07
0.0000000000000000D+00 6.0024256303177703D-01 1.4265688903065841D+00 1.6874044229064733D+00 0.0000000000000000D+00 7.7297755838444296D-02 1.1194312446833168D+00 1.2626154699922079D+00 0.0000000000000000D+00 1.6608561512251274D+00 8.0782647459923729D-01 1.8513739584997153D+00 4.9999999999999994D-01 3.7563236674698941D-01 2.1835320656749665D-01 2.4743120707329411D-01 1.0000000000000000D+00 0.0000000000000000D+00 0.0000000000000000D+00 0.0000000000000000D+00 -2.9405643447877090D-13
0.0000000000000000D+00 3.0617901761541633D-01 6.3894993479728379D-02 1.3912228059037035D-01 0.0000000000000000D+00 1.0243908510587055D-01 2.8854737566541267D-02 5.0221513741938584D-01 0.0000000000000000D+00 1.7477921666431587D-01 5.0306704869344976D-01 3.7741623650942402D-01 5.0000000000000000D-01 1.1468553369060976D-01 4.8664505655775969D-01 4.8802960970533472D-03 1.0000000000000000D+00 0.0000000000000000D+00 0.0000000000000000D+00 0.0000000000000000D+00 3.3653283936690746D-05
0.0000000000000000D+00 7.7012164167575203D-01 2.5311838283580825D-02 1.9872778783989492D-01 0.0000000000000000D+00 4.3301797643903756D-01 7.2000791259973261D-03 5.9992688861261723D-01 0.0000000000000000D+00 6.6412373525290821D-02 6.4101542346769824D-01 2.7539848001632648D-02 5.0000000000000000D-01 4.1434695450039455D-01 1.6430617057747543D-01 2.2653936436393013D-01 1.0000000000000000D+00 0.0000000000000000D+00 0.0000000000000000D+00 0.0000000000000000D+00 -1.8162635395454661D-08
0.0000000000000000D+00 3.8445380911087990D-01 2.9109524016585664D-01 3.0724366127893332D-01 0.0000000000000000D+00 5.1217496304037935D-01 1.5303502740947555D-01 1.4226515410085669D-01 0.0000000000000000D+00 5.3644494280102284D-01 2.3276682912833274D-01 7.3127334155859347D-01 5.0000000000000000D-01 3.3409752145467481D-01 3.7154947092617530D-01 1.8161409976165090D-02 1.0000000000000000D+00 0.0000000000000000D+00 0.0000000000000000D+00 0.0000000000000000D+00 -1.7311124170455414D-06
0.0000000000000000D+00 9.0041549002653244D-03 4.5670381494442677D-02 2.7272372338561168D-01 0.0000000000000000D+00 2.8968768237139286D-01 4.1508184368478906D-01 1.8852202296075857D-01 0.0000000000000000D+00 3.0848766719367854D-01 1.4978300233796477D-01 3.2285069697188647D-02 5.0000000000000000D-01 1.8316718947152544D-01 3.0585199270236829D-01 3.5057715165294612D-01 1.0000000000000000D+00 0.0000000000000000D+00 0.0000000000000000D+00 0.0000000000000000D+00 -1.0181534439164712D-04
0.0000000000000000D+00 4.5038796811594850D-01 3.9370497587617048D-01 2.6664864941184591D-01 0.0000000000000000D+00 2.6038076630108264D-01 2.3707051897064749D-01 2.2595791623015979D-01 0.0000000000000000D+00 3.2194379077583407D-01 2.7236938801995703D-01 4.0552733908059385D-01 5.0000000000000000D-01 2.1293222501178102D-01 2.2291509321073977D-01 3.9366067719595699D-01 1.0000000000000000D+00 0.0000000000000000D+00 0.0000000000000000D+00 0.0000000000000000D+00 2.6350222257025420D-03
0.0000000000000000D+00 3.2830933279673385D-01 2.5484445581756471D-01 2.7379339294310989D-01 0.0000000000000000D+00 3.9151266759652309D-01 2.9514280068730764D-01 1.2592795834910342D-01 0.0000000000000000D+00 1.5075529056498499D-01 2.9379336510766063D-01 2.2278787138759609D-02 4.9999999999999994D-01 2.2234832067365121D-01 4.3340086984947013D-01 1.1280474417031323D-01 1.0000000000000000D+00 0.0000000000000000D+00 0.0000000000000000D+00 0.0000000000000000D+00 -2.7196879431135741D+01
0.0000000000000000D+00 2.0437718100536731D-01 3.2187510987466034D-01 4.2586801501811633D-01 0.0000000000000000D+00 3.2038820610296131D-01 2.8797412414199086D-01 1.7664821062406277D-01 0.0000000000000000D+00 2.0124966899545471D-01 2.9539011450548452D-01 1.6395961553540142D-01 5.0000000000000000D-01 3.6115636153954450D-01 3.7688907203197917D-03 3.4576274811242480D-01 1.0000000000000000D+00 0.0000000000000000D+00 0.0000000000000000D+00 0.0000000000000000D+00 1.5631360999869583D-02
0.0000000000000000D+00 3.1254919931017422D-01 1.2907218267750406D-01 6.3014638101622110D-03 0.0000000000000000D+00 1.4243206736764258D-01 2.4816435552223640D-01 3.3146115624351880D-01 0.0000000000000000D+00 3.6659719979334676D-01 8.7846552026964578D-02 3.4427456385102133D-02 4.9999999999999994D-01 5.0495889139830004D-02 4.1658595066198029D-01 2.7185715162752683D-01 1.0000000000000000D+00 0.0000000000000000D+00 0.0000000000000000D+00 0.0000000000000000D+00 3.5296858587764398D-05
0.0000000000000000D+00 7.5770436275756359D-02 4.0774080359289244D-01 5.6635487516108873D-01 0.0000000000000000D+00 3.5855433293378858D-01 1.3728127109075300D-01 5.6807356060533254D-01 0.0000000000000000D+00 4.1351847753720272D-01 1.0801085585750128D-01 4.5227855879238177D-01 5.0000000000000000D-01 2.9760120551223435D-01 3.3884267789952915D-01 2.1591471027130330D-01 1.0000000000000000D+00 0.0000000000000000D+00 0.0000000000000000D+00 0.0000000000000000D+00 -1.5638888907479130D-05
0.0000000000000000D+00 1.6052063925789767D-01 2.2974773559694567D-01 2.8765270866276793D-01 0.0000000000000000D+00 2.5215571988173219D-01 4.7337121035662860D-01 4.0549646971920511D-02 0.0000000000000000D+00 1.0873778972038446D-01 5.1230010666759085D-01 3.3216428634917916D-01 5.0000000000000000D-01 3.3744940128033957D-01 3.4412710803321078D-01 1.3305801400982692D-01 1.0000000000000000D+00 0.0000000000000000D+00 0.0000000000000000D+00 0.0000000000000000D+00 1.3393140384688324D-04
0.0000000000000000D+00 2.3505269644459506D-01 1.2515467905892885D-01 9.0514188892667949D-02 0.0000000000000000D+00 5.8930775659728230D-01 4.4298129324632007D-01 5.2357349991861724D-01 0.0000000000000000D+00 8.7143349641913281D-04 4.1955034620091597D-01 1.8299108060261246D-01 5.0000000000000000D-01 2.9653260677835452D-01 4.0214852905945098D-01 1.8573467434856942D-02 1.0000000000000000D+00 0.0000000000000000D+00 0.0000000000000000D+00 0.0000000000000000D+00 -1.1715131842950030D-06
0.0000000000000000D+00 4.4579719718821054D-01 6.6599823137177538D-01 1.0513433883922452D+00 0.0000000000000000D+00 6.1707473572424354D-01 3.8185882604880961D-01 7.2595570663699394D-01 0.0000000000000000D+00 7.0172898474759537D-01 3.5144500764372810D-01 6.5897174102881451D-01 5.0000000000000000D-01 3.3200731333339606D-01 1.3578569649258878D-02 3.7361312388541762D-01 1.0000000000000000D+00 0.0000000000000000D+00 0.0000000000000000D+00 0.0000000000000000D+00 -1.9752633149925444D-08
0.0000000000000000D+00 7.5328763184544373D-02 4.2870759356312471D-01 4.3677609647626675D-01 0.0000000000000000D+00 7.5844152501324713D-01 6.5183767960298178D-01 6.5312002801924296D-01 0.0000000000000000D+00 8.6252414154028145D-01 2.3067996081356715D-01 3.2485753048546845D-01 5.0000000000000000D-01 2.0094195995410738D-01 8.9322337391699203D-02 4.4904771324736237D-01 1.0000000000000000D+00 0.0000000000000000D+00 0.0000000000000000D+00 0.0000000000000000D+00 -7.5013338404103431D-09
0.0000000000000000D+00 4.7164020189419553D-01 1.1965596250110783D-01 8.5093538777074729D-01 0.0000000000000000D+00 9.0255411934916985D-01 6.3004086243180865D-02 2.9248756414914459D-03 0.0000000000000000D+00 5.7000722601057034D-02 6.7493509763783488D-01 7.8635054036563967D-01 4.9999999999999994D-01 6.1030887813958670D-02 8.2666553946964018D-03 4.9619239528757925D-01 1.0000000000000000D+00 0.0000000000000000D+00 0.0000000000000000D+00 0.0000000000000000D+00 -1.2198435591887225D-10
0.0000000000000000D+00 1.7652404153097817D-01 9.9416200927851424D-03 4.6685452460892363D-03 0.0000000000000000D+00 1.1213926623069667D-01 1.0617066518369189D-01 1.5670848065896198D-01 0.0000000000000000D+00 2.9216236604009849D-01 1.3337253421990916D-01 1.2389502704971962D-01 5.0000000000000000D-01 1.1181534956644350D-01 4.7060910407997941D-01 1.2658751422779879D-01 1.0000000000000000D+00 0.0000000000000000D+00 0.0000000000000000D+00 0.0000000000000000D+00 5.6810259321175231D-05
0.0000000000000000D+00 2.9923955470672348D-01 2.4390142523610692D-01 1.7857749919961083D-01 0.0000000000000000D+00 2.1918263893463624D-01 8.6168793548989601D-03 9.9712997554087482D-02 0.0000000000000000D+00 3.4493881677885402D-01 4.1032731749302581D-01 1.1766853734944385D-01 5.0000000000000000D-01 9.5122943981562819D-02 4.8803228399796655D-01 5.2688853697994129D-02 1.0000000000000000D+00 0.0000000000000000D+00 0.0000000000000000D+00 0.0000000000000000D+00 6.3690719563877529D-04
0.0000000000000000D+00 3.5303573397766130D-01 3.8998506295627583D-01 6.4978341984669785D-02 0.0000000000000000D+00 3.6996397266303449D-01 6.6647390706599779D-02 1.9145874993770195D-02 0.0000000000000000D+00 1.2713001793267870D-01 1.5293051432271659D-01 2.6184314436549161D-01 5.0000000000000000D-01 1.9654518763808454D-01 3.5241242012182628D-01 2.9525493282955934D-01 1.0000000000000000D+00 0.0000000000000000D+00 0.0000000000000000D+00 0.0000000000000000D+00 -6.1231986858207490D-03
0.0000000000000000D+00 1.2123338686952839D-01 2.0583030897045565D-01 7.5892976710823967D-01 0.0000000000000000D+00 1.1791878913887496D-01 9.6893495058851242D-01 8.2544570351113544D-01 0.0000000000000000D+00 2.2359798661369037D-01 2.9100677581217005D-01 2.5643876428887952D-01 5.0000000000000000D-01 4.3007890900272921D-01 2.5289386299148248D-01 3.2815028451419502D-02 1.0000000000000000D+00 0.0000000000000000D+00 0.0000000000000000D+00 0.0000000000000000D+00 6.5994268370650045D-08
0.0000000000000000D+00 1.3049526735751468D-01 1.0096754466634381D-01 1.8137173063388606D-01 0.0000000000000000D+00 2.3545324508182633D-01 4.5317107314810878D-01 3.4185921486127979D-01 0.0000000000000000D+00 3.1901503570397011D-01 4.4810027459990698D-01 2.0034694049765142D-01 5.0000000000000000D-01 2.2085180330889151D-01 1.2672601970458730D-01 4.3030802561077486D-01 1.0000000000000000D+00 0.0000000000000000D+00 0.0000000000000000D+00 0.0000000000000000D+00 7.3220957675076102D-05
0.0000000000000000D+00 3.4973870676034824D-01 3.6308001649610971D-01 2.4113937762490550D-01 0.0000000000000000D+00 4.5378873010310149D-02 2.8808164634315028D-02 3.1791791892074728D-01 0.0000000000000000D+00 3.5296970712254994D-01 2.1217616866892663D-01 3.6704175388258969D-01 4.9999999999999994D-01 3.7103019024388101D-01 3.0086333566427226D-01 1.4770866995730780D-01 1.0000000000000000D+00 0.0000000000000000D+00 0.0000000000000000D+00 0.0000000000000000D+00 2.5146700896915502D-04
0.0000000000000000D+00 2.6561919709719917D-01 2.0481826848575752D-01 2.3052548052941205D-01 0.0000000000000000D+00 2.7433465562339704D-01 9.9592939051132302D-03 7.4122451059850311D-02 0.0000000000000000D+00 9.7795493030711556D-02 3.2992143576141608D-01 5.0733048888063370D-01 5.0000000000000000D-01 4.1407630581519583D-01 8.7015414973732483D-02 2.6640032004370706D-01 1.0000000000000000D+00 0.0000000000000000D+00 0.0000000000000000D+00 0.0000000000000000D+00 3.6636253491607384D-05
0.0000000000000000D+00 2.7814970189336108D-01 5.9944357892678268D-02 3.5334421207596896D-02 0.0000000000000000D+00 2.7138073993578693D-01 1.0439007435488862D-01 2.8602155954686953D-01 0.0000000000000000D+00 7.6063040360065254D-02 3.7951247117558179D-01 1.3734034960177502D-01 4.9999999999999994D-01 1.8993635546553728D-01 2.4385768620979811D-01 3.9301095372632133D-01 1.0000000000000000D+00 0.0000000000000000D+00 0.0000000000000000D+00 0.0000000000000000D+00 -6.1952435039907704D-04
0.0000000000000000D+00 4.0018716018130229D-01 3.6892558964372518D-01 2.9893195915605714D-01 0.0000000000000000D+00 3.0214694881406004D-02 8.1571996544252470D-02 2.3346565691090060D-01 0.0000000000000000D+00 4.3021071342362499D-01 3.1711225312738700D-01 8.3700577644090599D-02 4.9999999999999994D-01 1.5546597784387806D-01 4.2031379640012140D-01 2.2173552329016674D-01 1.0000000000000000D+00 0.0000000000000000D+00 0.0000000000000000D+00 0.0000000000000000D+00 2.9432378066223109D-05
0.0000000000000000D+00 3.7025229812490446D-01 3.6500977699441262D-01 3.3258033701894246D-01 0.0000000000000000D+00 2.6675713561048253D-01 2.8326429090059463D-01 1.4552703262941319D-01 0.0000000000000000D+00 5.1227237190227516D-02 4.0353840173716266D-01 1.3881646346055139D-02 5.0000000000000000D-01 1.1524035287115353D-01 2.6116469395712633D-01 4.1050293994125375D-01 1.0000000000000000D+00 0.0000000000000000D+00 0.0000000000000000D+00 0.0000000000000000D+00 -4.0507662777949764D-04
0.0000000000000000D+00 6.2989542818803024D-01 7.4019380524374967D-01 2.5412699903766063D+00 0.0000000000000000D+00 9.8025162753095108D-01 1.2076997526313573D+00 1.0781794519758789D+00 0.0000000000000000D+00 1.4821713149222318D-01 2.8227401416782967D+00 2.0911718845382765D+00 5.0000000000000000D-01 2.0457954847223136D-02 2.9115200341519559D-01 4.0597042132498634D-01 1.0000000000000000D+00 0.0000000000000000D+00 0.0000000000000000D+00 0.0000000000000000D+00 -1.3890867219625382D-14
0.0000000000000000D+00 1.6564406097298440D-01 3.9978816142086626D-01 6.3251294345156181D-02 0.0000000000000000D+00 1.0241495369364312D-01 1.3984994110910004D-01 2.2932104451962851D-01 0.0000000000000000D+00 4.0462324599547150D-01 2.4223663777339977D-01 4.0573003453312112D-01 5.0000000000000000D-01 2.4334567192313319D-01 1.9404002879747390D-01 3.9132001121914828D-01 1.0000000000000000D+00 0.0000000000000000D+00 0.0000000000000000D+00 0.0000000000000000D+00 -1.2806274044952987D-03
0.0000000000000000D+00 6.4646925614353290D-01 5.2864907307516240D-01 5.7035778060212405D-01 0.0000000000000000D+00 3.9581592616116690D-01 4.8204152079465018D-01 8.2538460024013133D-02 0.0000000000000000D+00 2.2840567808246062D-01 8.4921462769353362D-01 1.4867934133184374D-01 4.9999999999999994D-01 2.3178043006940549D-01 1.8207956993050622D-01 4.0388719025337172D-01 1.0000000000000000D+00 0.0000000000000000D+00 0.0000000000000000D+00 0.0000000000000000D+00 -3.6737716490197438D-08
0.0000000000000000D+00 2.0239163985583588D-02 1.4796181264227856D-01 2.5035837864236266D-01 0.0000000000000000D+00 2.7839615125757700D-01 3.5615800227900990D-01 3.5756644352255659D-02 0.0000000000000000D+00 2.6437250812090468D-01 8.0612325044677899D-02 1.4060976633771471D-01 4.9999999999999994D-01 2.3616494496747617D-01 3.4408813539257710D-01 2.7537151967944767D-01 1.0000000000000000D+00 0.0000000000000000D+00 0.0000000000000000D+00 0.0000000000000000D+00 1.1730561492475518D-03
0.0000000000000000D+00 6.0817323145699054D-01 1.1078294715629110D-02 1.9510589697799605D-01 0.0000000000000000D+00 2.9650276916694002D-01 2.2347807234593328D-02 3.2326850975410909D-02 0.0000000000000000D+00 2.2638925356193781D-01 3.4513913513682221D-01 8.3646301320099870D-02 5.0000000000000000D-01 4.2161636579826883D-02 1.9680098213437025D-01 4.5770270900646626D-01 1.0000000000000000D+00 0.0000000000000000D+00 0.0000000000000000D+00 0.0000000000000000D+00 -6.5484535282701992D-05
0.0000000000000000D+00 2.6194749455575589D-01 4.6037171388746850D-01 2.7946594358909016D-01 0.0000000000000000D+00 4.1122716483065885D-01 2.6458744961133568D-01 2.2211179028682185D-01 0.0000000000000000D+00 1.9191862032798560D-01 3.3017830563593677D-02 2.9064602347595284D-02 4.9999999999999994D-01 3.0408365545797722D-01 3.9680692617695601D-01 8.7973758195259450D-03 1.0000000000000000D+00 0.0000000000000000D+00 0.0000000000000000D+00 0.0000000000000000D+00 7.5499520784719709D-04
0.0000000000000000D+00 1.1730926175209738D-01 2.1314786999427074D-01 2.0377573982673239D-01 0.0000000000000000D+00 5.4297703302566436D-01 1.6428646787676432D-01 1.9931390518233480D-01 0.0000000000000000D+00 3.1736773394403861D-01 6.1887889959929177D-01 1.9169930883885453D-01 4.9999999999999994D-01 4.1247715371321858D-01 3.1633261603688581D-02 2.8082367141135806D-01 1.0000000000000000D+00 0.0000000000000000D+00 0.0000000000000000D+00 0.0000000000000000D+00 9.7638889587823440D-07
0.0000000000000000D+00 6.2277942849685941D-01 1.4602393357055060D-01 2.3942388545136614D-01 0.0000000000000000D+00 4.3936814846746158D-01 3.7985613741884128D-01 3.8690199969123173D-01 0.0000000000000000D+00 4.0874542849108197D-01 4.5363557398159832D-01 2.1672305373203990D-01 5.0000000000000000D-01 2.3623652740810663D-01 2.6665638137151010D-01 3.5083710948531466D-01 1.0000000000000000D+00 0.0000000000000000D+00 0.0000000000000000D+00 0.0000000000000000D+00 -1.4495422197757951D-05
0.0000000000000000D+00 3.1540557496383975D-01 4.8616004534905366D-01 2.2019146280591273D-01 0.0000000000000000D+00 2.4990265684834298D-01 4.6318003605260000D-01 5.4017909609566139D-01 0.0000000000000000D+00 1.3511532680462238D-01 4.0631582716620135D-01 1.3773886334305313D-01 5.0000000000000000D-01 4.1226241937619834D-01 2.1431583587637439D-02 2.8209995532613913D-01 1.0000000000000000D+00 0.0000000000000000D+00 0.0000000000000000D+00 0.0000000000000000D+00 6.3030808295305879D-06
0.0000000000000000D+00 2.9638286075061765D-01 3.6378008161084013D-01 4.7684614107361517D-01 0.0000000000000000D+00 4.1344109164482523D-01 2.9279584668286235D-01 2.5852558737682646D-01 0.0000000000000000D+00 6.8775099847245480D-03 2.8738027231278007D-01 2.9235072996458272D-01 4.9999999999999994D-01 3.8588506787549232D-01 8.6005227679941482D-02 3.0609772165510818D-01 1.0000000000000000D+00 0.0000000000000000D+00 0.0000000000000000D+00 0.0000000000000000D+00 3.8023137211260384D-05
0.0000000000000000D+00 4.3651856493663717D-02 6.1429379227410230D-01 6.9528746642295958D-01 0.0000000000000000D+00 3.7046879148482137D-01 5.8195539396134988D-01 5.6048139131240593D-01 0.0000000000000000D+00 2.5692077254022455D-01 7.4677577113589258D-02 6.4145678922107741D-01 5.0000000000000000D-01 3.0217676080657568D-01 1.3656497623762548D-01 3.7421813490751932D-01 1.0000000000000000D+00 0.0000000000000000D+00 0.0000000000000000D+00 0.0000000000000000D+00 -2.0333147658820706D-07
0.0000000000000000D+00 5.0084969513378030D-01 5.7375485969689499D-01 3.4114228766980426D-01 0.0000000000000000D+00 5.8317722600102673D-01 1.0428080676853804D-01 2.9488930650940820D-01 0.0000000000000000D+00 5.0372184225512791D-03 1.4068469156347618D-01 5.2707806142139957D-01 5.0000000000000000D-01 3.5713571779759583D-02 3.9351062294599681D-01 3.0638852853751802D-01 1.0000000000000000D+00 0.0000000000000000D+00 0.0000000000000000D+00 0.0000000000000000D+00 -1.3804384199500036D-06
0.0000000000000000D+00 6.4560891497322159D-01 6.4954391463011463D-01 8.0631802989062293D-02 0.0000000000000000D+00 1.7132539869784683D-01 6.4812033336480679D-01 2.1569432966633137D-01 0.0000000000000000D+00 1.1798431280666861D-01 5.9605338494813775D-01 4.0349659596948817D-01 5.0000000000000000D-01 2.0145206371081667D-01 3.6241927406723723D-01 2.7940890431629029D-01 1.0000000000000000D+00 0.0000000000000000D+00 0.0000000000000000D+00 0.0000000000000000D+00 -1.2486625011171358D-06
0.0000000000000000D+00 2.3164800584092554D-01 2.7926343767730627D-01 8.5873484943114670D-02 0.0000000000000000D+00 3.1137121698218734D-01 4.8312274584466069D-01 2.9945273929545285D-01 0.0000000000000000D+00 3.9831601304514874D-01 1.4290615524646902D-01 7.8194276553431391D-02 5.0000000000000000D-01 3.2565824101525422D-03 4.9634944532484992D-01 6.0221447979268372D-02 1.0000000000000000D+00 0.0000000000000000D+00 0.0000000000000000D+00 0.0000000000000000D+00 -1.9084929562481526D-05
0.0000000000000000D+00 2.3025381496210903D-01 3.9670166903962101D-01 4.4509931668447977D-01 0.0000000000000000D+00 3.7453111966976099D-01 2.6633428345411841D-01 4.9377441561184710D-01 0.0000000000000000D+00 2.6802907388803066D-01 5.0611671151610660D-01 3.2734050241736312D-02 5.0000000000000000D-01 4.3747148461887808D-01 5.8953670080177920D-02 2.3482581827693541D-01 1.0000000000000000D+00 0.0000000000000000D+00 0.0000000000000000D+00 0.0000000000000000D+00 -5.2769863452688639D-06
0.0000000000000000D+00 1.8316081878291690D-01 7.5177823812349054D-02 1.8545799389665696D-01 0.0000000000000000D+00 3.5232577463891324D-01 1.5039872723833900D-02 8.0106429095920986D-02 0.0000000000000000D+00 4.0302116162271673D-01 1.8587852483187617D-01 1.6099759174143047D-01 5.0000000000000000D-01 3.7700921060774772D-01 3.2050869971666501D-01 7.1681437784516980D-02 1.0000000000000000D+00 0.0000000000000000D+00 0.0000000000000000D+00 0.0000000000000000D+00 -2.8113329540217324D-03
0.0000000000000000D+00 2.9963381389453364D-01 9.0410855339733032D-02 3.8875651486582824D-01 0.0000000000000000D+00 2.7885926439554976D-01 4.0021756561666910D-01 3.2538755911259792D-02 0.0000000000000000D+00 4.6507531110478767D-01 1.1517104783314959D-01 4.2587250503428969D-01 5.0000000000000000D-01 2.2130895673356604D-01 4.4545216300796769D-01 5.0938356285059043D-02 1.0000000000000000D+00 0.0000000000000000D+00 0.0000000000000000D+00 0.0000000000000000D+00 -1.8524867897850063D-03
0.0000000000000000D+00 3.0081614116041478D-02 2.6187058172559707D-01 5.2032536541644869D-01 0.0000000000000000D+00 2.6020729522762226D-01 2.8378234152624626D-01 9.1817480831673126D-02 0.0000000000000000D+00 3.0254972543850694D-01 2.3889779365232244D-01 4.9652866103037852D-01 5.0000000000000000D-01 4.1434589823574181D-01 2.6716871659026636D-01 8.3296779593968792D-02 1.0000000000000000D+00 0.0000000000000000D+00 0.0000000000000000D+00 0.0000000000000000D+00 8.1193816071151546D-06
0.0000000000000000D+00 3.8262153576513841D-01 2.5461330467651169D+00 1.6017819149923191D+00 0.0000000000000000D+00 5.8976680823447480D-01 2.1259815092443177D+00 5.6656413728456090D-01 0.0000000000000000D+00 1.1901485135895999D+00 2.2995222797514230D+00 2.7107080974842573D-01 5.0000000000000000D-01 2.6988831374532612D-01 1.3784646107402182D-01 3.9769165351195468D-01 1.0000000000000000D+00 0.0000000000000000D+00 0.0000000000000000D+00 0.0000000000000000D+00 -1.2057886309110554D-13
0.0000000000000000D+00 2.2456645605246767D-01 1.9285632224472515D-01 1.6795944607968696D-01 0.0000000000000000D+00 8.4918880594656108D-03 2.9207243057570337D-01 2.6704062867561723D-01 0.0000000000000000D+00 4.4417732308573110D-01 1.8173426315037061D-01 3.4847531782936531D-01 4.9999999999999994D-01 1.8776013487320720D-01 4.5149013588156228D-01 1.0441642090228652D-01 1.0000000000000000D+00 0.0000000000000000D+00 0.0000000000000000D+00 0.0000000000000000D+00 8.6361706534960529D-04
0.0000000000000000D+00 2.4110988374482897D-01 2.1964111489225066D-01 2.2602704846758923D-01 0.0000000000000000D+00 2.6513601399236647D-01 2.6416271376660744D-01 1.5586893747538960D-01 0.0000000000000000D+00 4.0604939159335646D-01 4.6881067339171617D-01 2.7543082601266494D-01 5.0000000000000000D-01 3.1311774100671064D-01 3.5654983721675654D-01 1.5757377271474746D-01 1.0000000000000000D+00 0.0000000000000000D+00 0.0000000000000000D+00 0.0000000000000000D+00 1.7925101925142912D-03
0.0000000000000000D+00 2.4268176236557301D-01 1.8953942691036060D-01 1.9848859408853764D-01 0.0000000000000000D+00 1.6149200366135030D-01 2.1972382750843950D-01 8.9377307763525302D-02 0.0000000000000000D+00 9.8755424222416024D-02 8.2012736383158966D-02 2.4358220456995031D-01 5.0000000000000000D-01 1.0051986859877782D-01 3.1985079186437382D-01 3.7093291436675913D-01 1.0000000000000000D+00 0.0000000000000000D+00 0.0000000000000000D+00 0.0000000000000000D+00 5.7033287963165764D-02
0.0000000000000000D+00 4.0908347712503246D-01 1.7676672819852954D-01 5.0757270334887528D-01 0.0000000000000000D+00 1.8538315207749090D-01 1.9468897325615181D-01 3.2053452408513888D-01 0.0000000000000000D+00 3.5574890774046664D-01 2.2014375494755523D-01 4.2358909400590711D-01 5.0000000000000000D-01 4.5959032596853894D-01 1.5540378791377316D-01 1.2093963361191043D-01 1.0000000000000000D+00 0.0000000000000000D+00 0.0000000000000000D+00 0.0000000000000000D+00 1.9011023499230194D-04
0.0000000000000000D+00 2.2810065679315084D-01 4.0094847698984465D-01 3.8442765722027772D-01 0.0000000000000000D+00 1.0079681711559349D-01 2.2308324096748755D-01 5.1759908500879170D-01 0.0000000000000000D+00 5.5091310672862059D-01 3.4677967592770859D-01 4.4772876748140511D-01 5.0000000000000000D-01 4.8198390084839488D-01 1.2752198453525904D-01 3.7810881808731468D-02 1.0000000000000000D+00 0.0000000000000000D+00 0.0000000000000000D+00 0.0000000000000000D+00 -5.3067667037388192D-06
0.0000000000000000D+00 2.2807850104100627D-01 1.4351624563668761D-01 2.6515922921951718D-01 0.0000000000000000D+00 1.0956229650903648D-01 1.6189760278909240D-01 3.0154779843079904D-01 0.0000000000000000D+00 3.4787773688476395D-02 1.5215288907629823D-01 5.7169547310367684D-02 4.9999999999999994D-01 1.9907448825767610D-01 2.7337353061357167D-01 3.6828828502250099D-01 1.0000000000000000D+00 0.0000000000000000D+00 0.0000000000000000D+00 0.0000000000000000D+00 2.8245150653294008D-03
0.0000000000000000D+00 3.7828531220609413D-01 7.2422403852381495D-02 2.1940289984962930D-01 0.0000000000000000D+00 2.7221095729139866D-01 3.2019378495839024D-01 3.5186436257062859D-01 0.0000000000000000D+00 4.8865766604517830D-01 4.7304377756745208D-01 1.0470980880675884D-01 4.9999999999999989D-01 7.9518149692877668D-02 4.8701330771919088D-01 8.0590954665109460D-02 1.0000000000000000D+00 0.0000000000000000D+00 0.0000000000000000D+00 0.0000000000000000D+00 5.7117588271454202D-05
0.0000000000000000D+00 1.1483131794008627D+00 1.4212652619159258D-01 6.9374970862585694D-01 0.0000000000000000D+00 1.5404069037596163D-01 1.5868538106086325D-01 3.9592584044637175D-01 0.0000000000000000D+00 9.4137901116935585D-01 8.3288331889183209D-01 3.7628577381708439D-01 5.0000000000000000D-01 1.6258617986133375D-01 4.2533027263201634D-01 2.0654271543889577D-01 1.0000000000000000D+00 0.0000000000000000D+00 0.0000000000000000D+00 0.0000000000000000D+00 8.1769478434692572D-10
0.0000000000000000D+00 1.2126056008689992D-01 2.5640715947506665D-01 2.5216234030650481D-01 0.0000000000000000D+00 4.7603224949523715D-01 4.6312441557635323D-02 2.7495127497904315D-01 0.0000000000000000D+00 2.9142046433118801D-01 7.3663762202458849D-02 1.8601165122218666D-01 4.9999999999999994D-01 7.1135785783410607D-02 4.6108500130698976D-01 1.7983415012369011D-01 1.0000000000000000D+00 0.0000000000000000D+00 0.0000000000000000D+00 0.0000000000000000D+00 -2.5185347836363881D-04
0.0000000000000000D+00 3.8495102989434780D-02 2.8205749447954709D-01 3.1402912000309280D-01 0.0000000000000000D+00 5.2664406955940957D-01 4.2683963098874639D-01 1.2236051094636460D-01 0.0000000000000000D+00 5.3918537396853239D-01 3.0022283194399272D-03 4.1384460562953901D-01 4.9999999999999994D-01 2.5024279945683330D-02 4.8655380914029150D-01 1.1242409094261255D-01 1.0000000000000000D+00 0.0000000000000000D+00 0.0000000000000000D+00 0.0000000000000000D+00 2.9408429635548513D-07
0.0000000000000000D+00 4.2246725110142280D-01 4.3101645738894701D-01 4.0879543887207181D-01 0.0000000000000000D+00 5.8366531626437700D-02 2.1210207301544101D-01 5.5530355281064432D-02 0.0000000000000000D+00 3.8078940498501807D-01 5.2673584681908392D-01 2.7698500021635819D-01 4.9999999999999994D-01 3.4546462934823569D-01 3.5346189143689188D-01 7.5623284583129141D-02 1.0000000000000000D+00 0.0000000000000000D+00 0.0000000000000000D+00 0.0000000000000000D+00 1.8588357348200949D-06
0.0000000000000000D+00 2.2909759159876530D-01 2.1518085019814792D-01 4.6294391656481781D-01 0.0000000000000000D+00 2.5372088053870484D-01 2.2699148497974631D-01 3.3859250389779116D-01 0.0000000000000000D+00 1.2701363451307107D-01 4.0268652407904511D-02 1.4678669010028830D-01 5.0000000000000000D-01 1.2857647194840423D-02 4.1288809971358875D-01 2.8170569398490092D-01 1.0000000000000000D+00 0.0000000000000000D+00 0.0000000000000000D+00 0.0000000000000000D+00 2.7229639650202950D-02
0.0000000000000000D+00 2.3938052361466583D-01 2.2039896860765001D-01 2.1036670210754674D-02 0.0000000000000000D+00 3.1640859260662840D-01 3.1788243138647432D-01 2.9449693171637453D-03 0.0000000000000000D+00 1.6699592362326432D-01 3.0501445484309647D-01 1.6127415770086542D-01 5.0000000000000000D-01 3.3376525305314897D-01 2.6987483009161378D-01 2.5645337185810213D-01 1.0000000000000000D+00 0.0000000000000000D+00 0.0000000000000000D+00 0.0000000000000000D+00 -4.8750240681671754D-03
0.0000000000000000D+00 4.1746979540236578D-01 3.5902303844043865D-01 2.6961232595083551D-01 0.0000000000000000D+00 2.1801250357489699D-02 2.0946751481286277D-01 3.1744109507344404D-01 0.0000000000000000D+00 2.4112608278704020D-01 2.6950630263342296D-01 1.6101733513922645D-01 5.0000000000000000D-01 3.8770710384119450D-01 1.1312310283367473D-01 2.9476493216859279D-01 1.0000000000000000D+00 0.0000000000000000D+00 0.0000000000000000D+00 0.0000000000000000D+00 -6.2459810983527952D-04
0.0000000000000000D+00 1.8675399695188510D-01 6.3600157138965399D-02 8.1572182282796651D-03 0.0000000000000000D+00 5.5553136124423447D-02 1.2323964678769110D-01 2.0198133933538331D-01 0.0000000000000000D+00 1.1444592416574289D-02 2.8707429059039634D-02 3.4054183804375565D-01 5.0000000000000000D-01 4.1914427760379974D-01 1.8429734358209057D-01 2.0087947555829022D-01 1.0000000000000000D+00 0.0000000000000000D+00 0.0000000000000000D+00 0.0000000000000000D+00 8.9449485473815530D-05
0.0000000000000000D+00 2.9543663590588554D-01 4.7484422070509041D-02 2.6405906202888541D-01 0.0000000000000000D+00 3.3039885299563904D-01 4.6287570363094860D-01 3.1527572847521890D-01 0.0000000000000000D+00 2.6710692559189531D-01 2.0103887874065848D-01 4.4696880026925673D-01 5.0000000000000000D-01 2.5654234205681087D-01 2.3411164214556024D-01 3.5969120887771971D-01 1.0000000000000000D+00 0.0000000000000000D+00 0.0000000000000000D+00 0.0000000000000000D+00 5.6197289463785413D-04
0.0000000000000000D+00 2.6201899418495433D-01 4.0244036803307161D-02 3.5415335620621424D-01 0.0000000000000000D+00 5.1822411102880039D-01 2.2099771870686463D-01 5.7551525725101041D-02 0.0000000000000000D+00 6.3258418344544570D-02 5.4235057790680974D-01 6.6476455869876591D-02 4.9999999999999994D-01 3.9147513085225144D-01 5.2364474430873241D-02 3.0660264796930731D-01 1.0000000000000000D+00 0.0000000000000000D+00 0.0000000000000000D+00 0.0000000000000000D+00 1.3030082231367373D-05
0.0000000000000000D+00 5.6368163297345719D-01 1.4504866315246606D-01 1.9014688915672745D-01 0.0000000000000000D+00 3.7819896830625011D-01 3.5476278165736180D-01 3.4672519627243242D-01 0.0000000000000000D+00 2.4252093863175089D-01 2.5297999307751673D-02 3.6822389910548819D-01 5.0000000000000000D-01 1.7121315987470664D-01 3.8380634227018723D-01 2.7088511498216000D-01 1.0000000000000000D+00 0.0000000000000000D+00 0.0000000000000000D+00 0.0000000000000000D+00 4.7456154772965719D-05
0.0000000000000000D+00 1.7585944150756680D-01 6.5192512402569613D-01 2.1057024620519355D-01 0.0000000000000000D+00 6.3572751439171926D-01 3.1274809793735558D-01 3.4961024274592339D-01 0.0000000000000000D+00 1.7603234157017675D-01 1.1379170823612698D-01 4.6230120929387269D-01 5.0000000000000000D-01 2.9823623650522135D-01 3.8309935695042885D-01 1.1954091324466951D-01 1.0000000000000000D+00 0.0000000000000000D+00 0.0000000000000000D+00 0.0000000000000000D+00 -5.3022005253941659D-06
0.0000000000000000D+00 7.3698552588395161D-01 9.5191054535641551D-01 1.0979760059021564D+00 0.0000000000000000D+00 9.6327131246832509D-01 5.9799284611617576D-01 9.9029471821601445D-01 0.0000000000000000D+00 8.6257822316207222D-01 6.8992838143514390D-01 9.1088949801839236D-01 5.0000000000000000D-01 4.4274331777035053D-01 9.1287129606181641D-02 2.1364693898571677D-01 1.0000000000000000D+00 0.0000000000000000D+00 0.0000000000000000D+00 0.0000000000000000D+00 -4.1142566570721277D-10
0.0000000000000000D+00 2.9505197822920287D-01 2.7078253554067122D-01 2.5086157412315219D-01 0.0000000000000000D+00 7.8614117578449855D-02 2.5444646654741127D-01 2.3949441684669717D-01 0.0000000000000000D+00 1.6416367852104141D-01 9.1903751184730251D-02 3.2404904125357070D-02 4.9999999999999994D-01 3.0265578727336584D-01 3.0295507462719917D-01 2.5810404333827719D-01 1.0000000000000000D+00 0.0000000000000000D+00 0.0000000000000000D+00 0.0000000000000000D+00 2.4551260953509010D-03
0.0000000000000000D+00 4.7762071239286280D-01 7.8180299925786678D-01 9.7558654922243915D-01 0.0000000000000000D+00 5.8073511213261131D-01 1.3407331309519421D-01 1.0460629765408727D+00 0.0000000000000000D+00 5.7617624220324404D-01 8.2464744099357390D-01 6.6701553694348170D-01 4.9999999999999994D-01 6.9404871717866370D-02 4.9499325445364273D-01 1.2831283147752340D-02 1.0000000000000000D+00 0.0000000000000000D+00 0.0000000000000000D+00 0.0000000000000000D+00 -1.5146312731743109D-10
0.0000000000000000D+00 1.1100584384558458D-01 4.0141439949576119D-01 2.8866556999548343D-01 0.0000000000000000D+00 2.3616053930244008D-01 4.6775085487958619D-02 2.8606879575815308D-01 0.0000000000000000D+00 2.5275651578101005D-01 2.6612290071292521D-01 2.8736048741196740D-01 5.0000000000000000D-01 3.8737069943825037D-01 1.8676178849215083D-01 2.5507641124951924D-01 1.0000000000000000D+00 0.0000000000000000D+00 0.0000000000000000D+00 0.0000000000000000D+00 -1.2434201729235174D-01
0.0000000000000000D+00 3.2495492647838048D-01 3.6130672201266656D-01 4.1670852110301099D-01 0.0000000000000000D+00 1.1529692537701441D-01 3.4071714788219840D-02 7.1357635301313269D-02 0.0000000000000000D+00 2.6198183336882286D-02 3.4049420699342348D-01 1.8715360047783464D-01 4.9999999999999994D-01 4.8130164245835594D-01 9.9309070484745285D-02 9.2121862151960332D-02 1.0000000000000000D+00 0.0000000000000000D+00 0.0000000000000000D+00 0.0000000000000000D+00 5.0211834291918642D-06
0.0000000000000000D+00 3.3454200415733160D-01 3.4656355745354230D-02 1.3638357787341704D-01 0.0000000000000000D+00 2.6669239314518106D-01 2.1747895970035197D-01 1.0312138570872270D-01 0.0000000000000000D+00 5.2057886605608859D-02 2.2328779405524418D-01 9.5894159639257751D-02 5.0000000000000000D-01 3.3086422144798788D-01 1.0236103812855905D-01 3.6062596251360013D-01 1.0000000000000000D+00 0.0000000000000000D+00 0.0000000000000000D+00 0.0000000000000000D+00 -2.1994314166935117D-03
0.0000000000000000D+00 9.6613124324172826D-03 2.7123639190835130D-01 1.2535379476666306D-01 0.0000000000000000D+00 2.1071908837167272D-01 1.9380536325270578D-01 3.5922624909515577D-01 0.0000000000000000D+00 8.2252905241029670D-02 3.4088895539699698D-01 1.5116167135068265D-02 4.9999999999999994D-01 2.8270030668059076D-01 3.6569552054848264D-01 1.9064973866615767D-01 1.0000000000000000D+00 0.0000000000000000D+00 0.0000000000000000D+00 0.0000000000000000D+00 1.0854099510606246D-03
0.0000000000000000D+00 4.4655759684092339D-01 1.8659201363503097D-01 1.8669386178486574D-01 0.0000000000000000D+00 4.7903981184301192D-01 5.2088278847321712D-01 4.1505903500542313D-01 0.0000000000000000D+00 1.2067995675236394D-01 4.9561942953207938D-01 1.9224740312551922D-01 5.0000000000000000D-01 4.5633307260756700D-01 1.6928691489808476D-01 1.1446426205949879D-01 1.0000000000000000D+00 0.0000000000000000D+00 0.0000000000000000D+00 0.0000000000000000D+00 -2.9585296560091075D-05
0.0000000000000000D+00 1.1800430894170780D-01 3.1637794511841849D-01 4.4854009192004984D-01 0.0000000000000000D+00 2.3854396538459938D-01 4.9085513958989593D-02 3.1353219467471771D-01 0.0000000000000000D+00 4.1144860755175494D-01 3.5785747613155511D-01 8.4121788405295227D-04 5.0000000000000000D-01 1.4294980355533224D-01 3.5557122536164892D-01 3.2114553921595645D-01 1.0000000000000000D+00 0.0000000000000000D+00 0.0000000000000000D+00 0.0000000000000000D+00 1.0059224767291409D-04
0.0000000000000000D+00 4.6070116005424405D-01 4.1542311333915927D-01 3.6918881876374371D-01 0.0000000000000000D+00 3.1892592537524128D-01 1.7600921250677823D-01 1.6189918076386575D-02 0.0000000000000000D+00 3.5528680817532193D-01 2.1139719099278001D-01 4.0007460286520741D-01 4.9999999999999994D-01 6.0949744377417694D-02 3.9644635954617280D-01 2.9852204719737890D-01 1.0000000000000000D+00 0.0000000000000000D+00 0.0000000000000000D+00 0.0000000000000000D+00 1.2083972885865738D-05
0.0000000000000000D+00 3.5401761032605522D-01 2.8016865186639395D-01 1.7424865543196216D-01 0.0000000000000000D+00 2.0615621428340342D-01 3.9294793846396218D-02 9.6875727283197682D-02 0.0000000000000000D+00 2.2969570055561112D-01 7.1025558498043623D-02 1.4321990978043031D-01 5.0000000000000000D-01 2.5695699556579876D-01 2.3760806371481097D-01 3.5709313979338275D-01 1.0000000000000000D+00 0.0000000000000000D+00 0.0000000000000000D+00 0.0000000000000000D+00 4.7339737422200179D-01