2 1 1 200
0.0000000000000000D+00 6.5393002010282197D-02 4.1243290898700291D-01 3.7171730860450314D-01 0.0000000000000000D+00 1.2413815463424514D-01 2.4112060362625476D-01 2.1876035769415639D-01 5.0000000000000000D-01 3.1712023430504838D-01 3.8385947114929514D-01 4.5680010981770637D-02 1.0000000000000000D+00 0.0000000000000000D+00 0.0000000000000000D+00 0.0000000000000000D+00 1.0449766620076197D-03
0.0000000000000000D+00 1.1704288668818414D-02 3.4507607857120276D-01 1.7868365408775336D-01 0.0000000000000000D+00 3.1473510965437429D-01 8.6956087093664595D-04 1.8389433304814998D-01 4.9999999999999994D-01 2.9791409538937630D-01 9.4452819184484796D-02 3.9028945247909608D-01 1.0000000000000000D+00 0.0000000000000000D+00 0.0000000000000000D+00 0.0000000000000000D+00 -3.1038419193780032D-04
0.0000000000000000D+00 9.4820708665449982D-01 3.2177451938187850D-02 2.6766375393042462D-02 0.0000000000000000D+00 5.6950910377881303D-01 9.8788636185079926D-01 4.0098685322549754D-01 5.0000000000000000D-01 2.2783983513053743D-01 4.4402233921564471D-01 3.0547860893301162D-02 1.0000000000000000D+00 0.0000000000000000D+00 0.0000000000000000D+00 0.0000000000000000D+00 -1.8714781580473315D-08
0.0000000000000000D+00 2.0385217368118688D-01 4.0265084968848402D-01 4.5591431036902841D-01 0.0000000000000000D+00 2.1432818217790631D-01 2.1228874821765023D-01 2.0117576258633330D-01 5.0000000000000000D-01 4.2261924905491949D-01 2.6646293485096867D-01 1.9760432152773313D-02 1.0000000000000000D+00 0.0000000000000000D+00 0.0000000000000000D+00 0.0000000000000000D+00 1.7477666811160534D-04
0.0000000000000000D+00 5.2111396278000843D-01 3.4620790614042474D-01 3.9961480657871135D-01 0.0000000000000000D+00 1.1566487388758505D-01 6.1752845201200879D-01 5.3503095403735890D-01 5.0000000000000000D-01 7.5213828258658633D-02 2.0699219831287816D-01 4.4888429453064976D-01 1.0000000000000000D+00 0.0000000000000000D+00 0.0000000000000000D+00 0.0000000000000000D+00 -1.7061832647520633D-06
0.0000000000000000D+00 2.6214376178995819D-01 3.4516999292833001D-01 1.5558773535184450D-01 0.0000000000000000D+00 3.0594937726584909D-01 2.4707319490468999D-01 1.1182098282527539D-01 4.9999999999999994D-01 2.1658095187925627D-01 3.2527986801341385D-01 3.1190655451312865D-01 1.0000000000000000D+00 0.0000000000000000D+00 0.0000000000000000D+00 0.0000000000000000D+00 7.8285457678408998D-02
0.0000000000000000D+00 2.7808589677123197D-01 3.2416082692589415D-01 1.9001491930602073D-02 0.0000000000000000D+00 1.3359335976267420D-01 4.3885607699840179D-01 2.2802012522045695D-01 5.0000000000000000D-01 9.5215632198521624D-02 3.0203459816407041D-01 3.8692258256259016D-01 1.0000000000000000D+00 0.0000000000000000D+00 0.0000000000000000D+00 0.0000000000000000D+00 6.9817014173443890D-03
0.0000000000000000D+00 5.3637218542893450D-01 2.9797553766786533D-01 3.4907598970774428D-01 0.0000000000000000D+00 4.0431661318889678D-01 6.1904186530898841D-01 4.1426648995866416D-01 4.9999999999999994D-01 3.1272872635431487D-01 3.8941957248399722D-01 2.3518934482430462D-02 1.0000000000000000D+00 0.0000000000000000D+00 0.0000000000000000D+00 0.0000000000000000D+00 -3.1218381130852238D-06
0.0000000000000000D+00 1.6160031510104030D-02 2.6137928167728758D-01 3.6535604683143352D-01 0.0000000000000000D+00 2.2042918047166732D-01 1.4626304104227619D-01 6.3302366423377818D-02 4.9999999999999994D-01 1.8663363165040409D-01 3.6494316564328289D-01 2.8632913471604782D-01 1.0000000000000000D+00 0.0000000000000000D+00 0.0000000000000000D+00 0.0000000000000000D+00 -9.2569838078597640D-04
0.0000000000000000D+00 3.5317778906720843D-01 5.6305674130653072D-01 1.5195848803453227D-01 0.0000000000000000D+00 3.3626181030890001D-01 6.2338667386236879D-01 3.7816474122543769D-01 5.0000000000000000D-01 3.0050016068355434D-01 1.7624250430957941D-01 3.5866172517268402D-01 1.0000000000000000D+00 0.0000000000000000D+00 0.0000000000000000D+00 0.0000000000000000D+00 -8.5481867270853237D-06
0.0000000000000000D+00 4.2995607037395939D-01 2.5646568878780369D-03 3.5203384465391685D-01 0.0000000000000000D+00 3.6857893374299922D-01 3.9808986389437606D-01 3.3264917044830494D-01 4.9999999999999994D-01 3.6348207516764847D-01 2.3300081807366843D-01 2.5217335269377927D-01 1.0000000000000000D+00 0.0000000000000000D+00 0.0000000000000000D+00 0.0000000000000000D+00 -2.2995823473052543D-04
0.0000000000000000D+00 3.0679537829528664D-01 4.0410103095088495D-02 6.2642791171473100D-01 0.0000000000000000D+00 4.1041301676125069D-01 1.4388911429940016D-01 3.6341068725451020D-01 5.0000000000000000D-01 3.4915756279784566D-01 2.5689722249884683D-01 2.4918429608112638D-01 1.0000000000000000D+00 0.0000000000000000D+00 0.0000000000000000D+00 0.0000000000000000D+00 -2.3823501608790875D-04
0.0000000000000000D+00 2.5505321554199506D-01 2.9531894487065780D-01 2.9009121946094929D-01 0.0000000000000000D+00 2.1700355794993842D-01 1.3250493244665885D-02 1.0875358880488895D-01 5.0000000000000000D-01 8.3937012525438795D-02 2.7683285884313491D-01 4.0782121841934765D-01 1.0000000000000000D+00 0.0000000000000000D+00 0.0000000000000000D+00 0.0000000000000000D+00 -2.0846101311915864D-03
0.0000000000000000D+00 4.6350444834877571D+00 4.6272576057266130D+00 4.7395277687657034D+00 0.0000000000000000D+00 1.4820159338899668D+00 4.8864409575450045D+00 3.9075137424902842D+00 4.9999999999999994D-01 4.8318526522117383D-01 9.6891332713697029D-02 8.4522595311002549D-02 1.0000000000000000D+00 0.0000000000000000D+00 0.0000000000000000D+00 0.0000000000000000D+00 -1.3444582160855132D-13
0.0000000000000000D+00 6.5578544387675830D-01 2.1659631021737347D-01 9.5026872361182887D-02 0.0000000000000000D+00 5.4227538849431889D-01 2.9892992864708984D-01 6.0333471758947335D-02 5.0000000000000000D-01 1.3854146074813883D-01 4.5772160181888633D-01 1.4593559840602566D-01 1.0000000000000000D+00 0.0000000000000000D+00 0.0000000000000000D+00 0.0000000000000000D+00 -4.7569496411584288D-05
0.0000000000000000D+00 2.2681282004120337D-01 5.9138578368808070D-01 3.7789191436768266D-01 0.0000000000000000D+00 2.6760815420358597D-01 3.9374003453373480D-01 1.9642145962235204D-02 4.9999999999999994D-01 3.2125858954160946D-01 3.4981569224517678D-01 1.5627507832269172D-01 1.0000000000000000D+00 0.0000000000000000D+00 0.0000000000000000D+00 0.0000000000000000D+00 7.1666484573219673D-04
0.0000000000000000D+00 3.6495094892806340D-01 3.0193499952455478D+00 1.7116992860029856D+00 0.0000000000000000D+00 7.0160692085935961D-01 2.0322600809870597D+00 2.7415847949960321D+00 5.0000000000000000D-01 6.9855371726262674D-02 5.9944578662392840D-02 4.9145383763887113D-01 1.0000000000000000D+00 0.0000000000000000D+00 0.0000000000000000D+00 0.0000000000000000D+00 -1.4794286106841857D-11
0.0000000000000000D+00 2.6388128954133722D-01 5.8818833189721802D-02 2.5865757706880005D-01 0.0000000000000000D+00 2.4895530364666144D-01 1.9995772995024369D-01 8.0981181628481613D-02 5.0000000000000000D-01 3.5813638751318816D-01 2.9287280040970476D-01 1.8964137396459874D-01 1.0000000000000000D+00 0.0000000000000000D+00 0.0000000000000000D+00 0.0000000000000000D+00 1.4739345245453148D-02
0.0000000000000000D+00 1.0998961022893022D-01 3.1958027198751587D-01 1.9460349177072983D-01 0.0000000000000000D+00 2.8377361314341498D-01 1.5830810653542632D-01 3.1092751511393213D-01 5.0000000000000000D-01 2.8968970702172546D-02 1.4715131251485528D-01 4.7697724260347274D-01 1.0000000000000000D+00 0.0000000000000000D+00 0.0000000000000000D+00 0.0000000000000000D+00 -1.3232565661229821D-03
0.0000000000000000D+00 8.9930994757913940D-01 3.1470674880517280D-01 8.8182792490419515D-01 0.0000000000000000D+00 3.1879175404411902D-01 9.6479542202622548D-01 7.6404163646397960D-01 5.0000000000000000D-01 4.2747369194914381D-01 2.5921105111166154D-01 8.7105495209060073D-03 1.0000000000000000D+00 0.0000000000000000D+00 0.0000000000000000D+00 0.0000000000000000D+00 -6.7700739101943815D-09
0.0000000000000000D+00 2.9642258538649446D-01 1.2790585069255197D-02 2.7641732308528838D-01 0.0000000000000000D+00 3.2458442666215470D-01 1.9237577995433483D-01 5.7858774578502081D-02 4.9999999999999994D-01 2.9273320504065631D-01 3.2848878311933077D-01 2.3749187361130131D-01 1.0000000000000000D+00 0.0000000000000000D+00 0.0000000000000000D+00 0.0000000000000000D+00 -2.3296998377331170D-03
0.0000000000000000D+00 3.6271005125490052D-01 2.6940492869628413D-01 2.4728200244458193D-01 0.0000000000000000D+00 1.4666085273583215D-01 4.8051619136527068D-01 3.0859395247927485D-01 5.0000000000000000D-01 1.3836198902926480D-01 7.4430476146634908D-02 4.7467469303982368D-01 1.0000000000000000D+00 0.0000000000000000D+00 0.0000000000000000D+00 0.0000000000000000D+00 -4.5093736471123706D-04
0.0000000000000000D+00 1.3975502753192326D-01 2.3592029337013540D-01 1.5357273766977020D-01 0.0000000000000000D+00 4.1143103988250973D-01 4.2467465853347958D-01 8.5404215136687580D-03 4.9999999999999994D-01 9.4808540928360344D-02 1.5470327196051961D-01 4.6591655713415564D-01 1.0000000000000000D+00 0.0000000000000000D+00 0.0000000000000000D+00 0.0000000000000000D+00 2.0045719417493546D-05
0.0000000000000000D+00 3.3447868299819861D-01 1.4490891945453357D-01 9.1036018305765548D-02 0.0000000000000000D+00 2.8822120246517197D-01 3.5798264492996540D-01 3.9836040402541828D-01 5.0000000000000000D-01 1.4694056214452825D-01 3.7708135245560809D-01 2.9362923019839066D-01 1.0000000000000000D+00 0.0000000000000000D+00 0.0000000000000000D+00 0.0000000000000000D+00 2.5839060267699728D-04
0.0000000000000000D+00 2.0107236649841287D-01 4.0899689251239496D-01 9.7378394026171933D-02 0.0000000000000000D+00 3.0107613292184726D-01 3.5143238837992918D-02 7.0424958991697553D-02 4.9999999999999994D-01 3.7807007724066882D-01 8.8384173078760592D-02 3.1504167128241684D-01 1.0000000000000000D+00 0.0000000000000000D+00 0.0000000000000000D+00 0.0000000000000000D+00 -1.3088639874418012D-03
0.0000000000000000D+00 2.0895388826778905D-01 2.9282781927955798D-01 1.2815139317650390D-01 0.0000000000000000D+00 1.1846530641363066D-01 1.0138232490543422D-01 3.0197947081036164D-01 5.0000000000000000D-01 2.1026764606233381D-01 3.3222812422659398D-01 3.0888831394580790D-01 1.0000000000000000D+00 0.0000000000000000D+00 0.0000000000000000D+00 0.0000000000000000D+00 2.5072371410249067D-02
0.0000000000000000D+00 5.6714857730822542D-02 2.3096035525999917D-01 4.3694994052178582D-02 0.0000000000000000D+00 1.6400152572217799D-02 3.0670688673519571D-02 3.6295585657084900D-01 5.0000000000000000D-01 3.3024928501697731D-01 3.4717395526072214D-01 1.4284836202911597D-01 1.0000000000000000D+00 0.0000000000000000D+00 0.0000000000000000D+00 0.0000000000000000D+00 2.5680662689232814D-04
0.0000000000000000D+00 2.8277800806632730D-01 3.5941183848054781D-01 1.7377067676320179D-01 0.0000000000000000D+00 2.6236691717226523D-01 1.0283299119316640D-01 3.7574320087696136D-02 5.0000000000000000D-01 1.2260288185156672D-01 4.0945278909550359D-01 2.5945509604477585D-01 1.0000000000000000D+00 0.0000000000000000D+00 0.0000000000000000D+00 0.0000000000000000D+00 -3.8088445308466696D-03
0.0000000000000000D+00 6.7388207253867805D-01 3.3347036444930273D-01 2.0191884056738679D-01 0.0000000000000000D+00 5.7331518336132237D-01 6.0300280856410227D-01 9.0197075599496371D-03 5.0000000000000000D-01 4.8837358381075024D-01 6.6788242567475675D-02 8.3848513943851039D-02 1.0000000000000000D+00 0.0000000000000000D+00 0.0000000000000000D+00 0.0000000000000000D+00 -1.7241805395603245D-06
0.0000000000000000D+00 5.5322888484468291D-01 2.5017710573913460D-02 1.4978881508049752D-01 0.0000000000000000D+00 6.1767313036628702D-01 2.6316504977859034D-01 7.2232524687640645D-02 5.0000000000000000D-01 1.0462719486201588D-01 1.5090577416544404D-01 4.6505977832837120D-01 1.0000000000000000D+00 0.0000000000000000D+00 0.0000000000000000D+00 0.0000000000000000D+00 -1.4936513678581867D-05
0.0000000000000000D+00 9.3596859750166489D-02 8.2895315272498360D-01 3.4429774563905280D-01 0.0000000000000000D+00 8.8310809679550661D-01 8.2754994804658744D-01 2.6761231864884694D-01 4.9999999999999994D-01 2.3064705536106217D-01 4.3416169428852519D-01 9.1134840021740868D-02 1.0000000000000000D+00 0.0000000000000000D+00 0.0000000000000000D+00 0.0000000000000000D+00 -4.8000370659440433D-08
0.0000000000000000D+00 5.9085251832621011D-01 3.5901688076224743D-02 9.5201045679996123D-03 0.0000000000000000D+00 8.9036397913541954D-01 2.6781125017307233D-01 5.4057995406394821D-01 4.9999999999999994D-01 4.0762471409348766D-01 2.8387812142519531D-01 5.7055277024167420D-02 1.0000000000000000D+00 0.0000000000000000D+00 0.0000000000000000D+00 0.0000000000000000D+00 -6.7950615930779273D-07
0.0000000000000000D+00 3.4735333148909697D-01 3.6880974028797198D-01 3.6880336194369262D-01 0.0000000000000000D+00 4.2349909675059423D-02 8.1835726452918853D-02 2.3494542754462427D-01 5.0000000000000000D-01 3.7266572645601831D-01 2.0646415154891071D-01 2.6171131127675118D-01 1.0000000000000000D+00 0.0000000000000000D+00 0.0000000000000000D+00 0.0000000000000000D+00 8.9450413073366628D-05
0.0000000000000000D+00 2.9639810238970332D-01 1.1602992076381950D-01 2.4255293465188793D-01 0.0000000000000000D+00 1.3763169785334231D-01 1.1034016333695555D-01 3.6440454895237867D-02 5.0000000000000000D-01 1.2574844766268065D-01 4.4039865591964056D-01 2.0059000915947958D-01 1.0000000000000000D+00 0.0000000000000000D+00 0.0000000000000000D+00 0.0000000000000000D+00 3.0063139629453846D-04
0.0000000000000000D+00 2.5642683709252595D-01 2.5306641995170776D-01 3.6997803764683151D-01 0.0000000000000000D+00 1.5356988042511513D-01 1.2065407264812494D-01 1.2869957844565247D-01 5.0000000000000000D-01 1.2456760682956915D-01 3.3316653197067719D-01 3.5140144180607114D-01 1.0000000000000000D+00 0.0000000000000000D+00 0.0000000000000000D+00 0.0000000000000000D+00 1.7183426731052994D-02
0.0000000000000000D+00 5.9356138710238382D-01 6.5535431232369235D-01 1.0667808422141416D+00 0.0000000000000000D+00 1.1349168107340484D+00 1.1681950232069167D+00 4.8043668709093085D-01 5.0000000000000000D-01 3.9936803131196873D-02 4.7781258352059164D-01 1.4177512752608495D-01 1.0000000000000000D+00 0.0000000000000000D+00 0.0000000000000000D+00 0.0000000000000000D+00 -2.1187148724759637D-09
0.0000000000000000D+00 2.7406628403781613D-01 3.5260554550186195D-02 3.7355524966192523D-02 0.0000000000000000D+00 3.1592036856374445D-01 1.4460031581871605D-01 3.9388472419378495D-01 4.9999999999999994D-01 2.4525590507264639D-01 4.2892046496468766D-01 7.6660131499190570D-02 1.0000000000000000D+00 0.0000000000000000D+00 0.0000000000000000D+00 0.0000000000000000D+00 1.9573131163871566D-04
0.0000000000000000D+00 1.8967294050957281D-01 3.0071392103977690D-01 2.9166824671695766D-02 0.0000000000000000D+00 3.5905910090177212D-01 6.5531314936038476D-02 2.9361219277663220D-01 5.0000000000000000D-01 3.7255100459009016D-01 3.1076313822881063D-01 1.2096289057845694D-01 1.0000000000000000D+00 0.0000000000000000D+00 0.0000000000000000D+00 0.0000000000000000D+00 -5.3005446709405860D-04
0.0000000000000000D+00 5.5416950941992928D-02 2.6669882250906174D-01 4.7669384645817331D-01 0.0000000000000000D+00 1.5217662476853969D-01 4.6342100756341947D-01 7.3462536387469732D-02 5.0000000000000000D-01 4.7209195143355137D-01 1.6467783216063080D-02 1.6388410999120739D-01 1.0000000000000000D+00 0.0000000000000000D+00 0.0000000000000000D+00 0.0000000000000000D+00 3.3462961141885589D-04
0.0000000000000000D+00 9.1441255391357379D-01 8.1393623207132126D-01 9.1852901629986872D-01 0.0000000000000000D+00 8.5126070719067159D-01 7.5554166636764442D-01 6.9824235397794465D-01 5.0000000000000000D-01 1.8038883752978294D-01 4.3806306263406342D-01 1.5987689154570836D-01 1.0000000000000000D+00 0.0000000000000000D+00 0.0000000000000000D+00 0.0000000000000000D+00 -4.4956388215863290D-08
0.0000000000000000D+00 3.1114794810208046D-01 2.9066994570075977D-01 1.0994551499613675D-01 0.0000000000000000D+00 2.8038134444860831D-02 4.1934147607907696D-01 3.5181525502314132D-01 4.9999999999999994D-01 2.3908557078068399D-01 2.3565022866732960D-01 3.7054967220807222D-01 1.0000000000000000D+00 0.0000000000000000D+00 0.0000000000000000D+00 0.0000000000000000D+00 4.7490707275379523D-04
0.0000000000000000D+00 3.1954992670384796D-01 2.7894671093223250D-01 2.3873679687522889D-01 0.0000000000000000D+00 1.8184920521355424D-01 1.7206196279826412D-02 4.5569176087809748D-01 5.0000000000000000D-01 2.9373143927912826D-01 4.0223352301683563D-01 4.3932158386272548D-02 1.0000000000000000D+00 0.0000000000000000D+00 0.0000000000000000D+00 0.0000000000000000D+00 -2.6649613590101350D-03
0.0000000000000000D+00 2.3095227064847945D-01 8.9977799789335872D-02 8.1418126516328890D-02 0.0000000000000000D+00 1.6859792620502445D-01 5.3936558320067252D-01 2.5883614515047748D-01 5.0000000000000000D-01 2.6097350254081331D-01 3.9850164336987731D-01 1.5195154228597765D-01 1.0000000000000000D+00 0.0000000000000000D+00 0.0000000000000000D+00 0.0000000000000000D+00 7.2493638415054910D-05
0.0000000000000000D+00 4.0866872961781838D-03 2.8896464903072677D-01 2.7376925749477010D-01 0.0000000000000000D+00 3.5462660879116648D-01 2.3956438138139002D-01 3.7521727448473985D-01 5.0000000000000000D-01 3.9976241969240917D-01 1.3028490195770354D-01 2.7058427915076971D-01 1.0000000000000000D+00 0.0000000000000000D+00 0.0000000000000000D+00 0.0000000000000000D+00 6.4518050302214182D-04
0.0000000000000000D+00 3.3997010052046367D-01 1.5979549532064352D-01 2.9269734612206816D-01 0.0000000000000000D+00 3.9789280171271041D-01 6.4393275003831807D-01 6.5157744405586882D-01 5.0000000000000000D-01 1.9541173837541753D-01 4.5895883865465725D-01 3.4220416798538177D-02 1.0000000000000000D+00 0.0000000000000000D+00 0.0000000000000000D+00 0.0000000000000000D+00 3.8620093824807149D-06
0.0000000000000000D+00 3.1405860095321800D-02 2.2459547786680420D-01 3.8512541196113487D-01 0.0000000000000000D+00 6.9994745957231305D-02 3.3623056600776691D-01 3.8757703638552871D-01 5.0000000000000000D-01 1.3685843464094560D-01 3.0398218227548673D-01 3.7264541017791003D-01 1.0000000000000000D+00 0.0000000000000000D+00 0.0000000000000000D+00 0.0000000000000000D+00 4.0912036592858464D-01
0.0000000000000000D+00 1.6428764035982543D-01 3.1003129960733822D-01 3.2556439480416527D-01 0.0000000000000000D+00 2.6285795914041615D-01 3.7855308314694702D-01 3.9638142094975010D-01 4.9999999999999994D-01 4.2444295159799350D-01 2.5253727766794742D-01 7.7930124001218876D-02 1.0000000000000000D+00 0.0000000000000000D+00 0.0000000000000000D+00 0.0000000000000000D+00 1.7236693302421606D-03
0.0000000000000000D+00 1.3202533335026520D-01 1.1465166110600143D-01 3.0004826611249069D-01 0.0000000000000000D+00 3.9921805404659422D-01 2.7466209100774800D-02 3.5911783331714797D-01 5.0000000000000000D-01 3.7782974190742613D-01 1.8333286628649254D-01 2.7135538739694631D-01 1.0000000000000000D+00 0.0000000000000000D+00 0.0000000000000000D+00 0.0000000000000000D+00 2.1301928952179236D-03
0.0000000000000000D+00 6.0987651677520759D-02 2.7011620966625588D-01 1.5065261430000046D-02 0.0000000000000000D+00 3.6312523760380444D-01 2.9899965735793521D-01 2.3257298618795241D-01 4.9999999999999994D-01 9.9004735320374182D-02 3.3782759869637630D-01 3.5506418566673653D-01 1.0000000000000000D+00 0.0000000000000000D+00 0.0000000000000000D+00 0.0000000000000000D+00 5.4315981148914713D-04
0.0000000000000000D+00 4.9894756359000432D-02 2.7820949899333680D-01 3.0194131250090939D-01 0.0000000000000000D+00 2.3659416022554128D-01 2.5118694502247579D-01 1.5961122739593633D-01 5.0000000000000000D-01 3.3148412158475937D-01 3.4830375059734153D-01 1.3712320903846065D-01 1.0000000000000000D+00 0.0000000000000000D+00 0.0000000000000000D+00 0.0000000000000000D+00 -6.4030649257487693D-02
0.0000000000000000D+00 3.5262103496942543D-01 1.9017698607245115D-01 7.2374446956990468D-02 0.0000000000000000D+00 1.4297366315351046D-01 5.5495205969710137D-02 3.9926159324667693D-01 5.0000000000000000D-01 4.2146287813062083D-01 5.2357225881231685D-02 2.6387073209409778D-01 1.0000000000000000D+00 0.0000000000000000D+00 0.0000000000000000D+00 0.0000000000000000D+00 -2.8529858597900400D-04
0.0000000000000000D+00 4.2652850267679976D-01 1.2338508281842413D-01 3.0872437373922096D-01 0.0000000000000000D+00 2.5934617209314176D-01 7.8318716781450537D-01 4.1887139685641865D-03 5.0000000000000000D-01 1.9835090234306860D-01 4.5844726380351614D-01 2.1977849093115915D-02 1.0000000000000000D+00 0.0000000000000000D+00 0.0000000000000000D+00 0.0000000000000000D+00 -7.3596464237316960D-06
0.0000000000000000D+00 4.5255631501466070D-01 4.3676327367938617D-01 6.0242057855928355D-01 0.0000000000000000D+00 1.4899889234175584D-01 2.0537730188888106D-01 3.9112148991269913D-01 4.9999999999999994D-01 1.9704346709224838D-01 4.2241950130972122D-01 1.8092992286935966D-01 1.0000000000000000D+00 0.0000000000000000D+00 0.0000000000000000D+00 0.0000000000000000D+00 5.6606134290827217D-05
0.0000000000000000D+00 2.6612675406860486D-01 3.0800591352748319D-01 3.1484430196020846D-01 0.0000000000000000D+00 3.7907096150188418D-01 2.1233891180875580D-01 1.9109333113320512D-01 5.0000000000000000D-01 3.3316021236295645D-01 2.9943127538455111D-01 2.2213775955440548D-01 1.0000000000000000D+00 0.0000000000000000D+00 0.0000000000000000D+00 0.0000000000000000D+00 2.0345912747694994D-01
0.0000000000000000D+00 1.4252754816652796D-01 1.0563316780243438D-01 4.0215419479441045D-02 0.0000000000000000D+00 3.0031591463944096D-01 4.3909107385303597D-02 2.7789721440681692D-01 4.9999999999999994D-01 2.0278444154012815D-01 3.5884931678446941D-01 2.8302939443205866D-01 1.0000000000000000D+00 0.0000000000000000D+00 0.0000000000000000D+00 0.0000000000000000D+00 1.7619062844643699D-04
0.0000000000000000D+00 7.6343759623921970D-01 1.0711749935767267D-01 3.9239304763967897D-01 0.0000000000000000D+00 4.4901788144031168D-01 2.4408447384465967D-01 3.9447982435432727D-01 5.0000000000000000D-01 2.7981851369964456D-01 4.1436838752060245D-01 6.6243074934375619D-04 1.0000000000000000D+00 0.0000000000000000D+00 0.0000000000000000D+00 0.0000000000000000D+00 -4.1013297820148416D-06
0.0000000000000000D+00 2.4658668989313826D-01 2.5062171178041553D-01 1.6992310094640986D-01 0.0000000000000000D+00 2.2266382595764878D-01 4.3656489048638075D-01 3.8099719735935633D-01 5.0000000000000000D-01 2.7445281512192210D-01 3.6106984628338423D-01 2.1048567261584658D-01 1.0000000000000000D+00 0.0000000000000000D+00 0.0000000000000000D+00 0.0000000000000000D+00 4.6556580824105994D-04
0.0000000000000000D+00 8.4719146342337001D-02 1.6102001122450024D-03 1.1534190700677023D-01 0.0000000000000000D+00 2.4851627525934267D-01 3.6630007050261881D-01 3.4459548082510488D-01 4.9999999999999994D-01 2.1228607118072301D-01 4.1007147125916282D-01 1.9177072884566759D-01 1.0000000000000000D+00 0.0000000000000000D+00 0.0000000000000000D+00 0.0000000000000000D+00 3.7928388131165143D-04
0.0000000000000000D+00 4.6785778285781859D-01 2.2925846056646218D-01 4.1742625078869611D-01 0.0000000000000000D+00 5.5362576713411016D-01 1.7116608684157142D-01 9.5474242391354602D-02 4.9999999999999994D-01 3.4757951154730715D-01 2.9764428486660077D-01 2.0148539112994063D-01 1.0000000000000000D+00 0.0000000000000000D+00 0.0000000000000000D+00 0.0000000000000000D+00 -8.4930937281990521D-05
0.0000000000000000D+00 1.2747496578937416D-03 1.4096357413796323D-01 1.5425962434536819D-01 0.0000000000000000D+00 1.4679153225690444D-01 3.1196267057092414D-01 2.1169314501286957D-01 5.0000000000000000D-01 2.6581023011044941D-01 3.2524315684991534D-01 2.7122280599339593D-01 1.0000000000000000D+00 0.0000000000000000D+00 0.0000000000000000D+00 0.0000000000000000D+00 -1.1835676225543312D-03
0.0000000000000000D+00 1.9030323710004476D-01 2.8804858582295023D-01 2.4733346479391036D-01 0.0000000000000000D+00 2.5057406558985079D-01 2.4320836216788522D-01 1.5720093337796176D-01 5.0000000000000000D-01 2.4304871691757415D-01 2.4477541309638115D-01 3.6195623816729122D-01 1.0000000000000000D+00 0.0000000000000000D+00 0.0000000000000000D+00 0.0000000000000000D+00 8.6806225011869104D-03
0.0000000000000000D+00 3.3860042404694884D-01 3.6620621442716400D-01 3.3212075914739703D-01 0.0000000000000000D+00 3.5281657104644226D-01 2.6200219564313409D-01 1.5121779853197212D-01 5.0000000000000000D-01 1.1449331157991291D-01 3.0638203671254449D-01 3.7818160873228363D-01 1.0000000000000000D+00 0.0000000000000000D+00 0.0000000000000000D+00 0.0000000000000000D+00 9.8574844106239109D-04
0.0000000000000000D+00 2.7299499439226976D-01 7.6278524734604711D-02 4.1782165911171526D-01 0.0000000000000000D+00 2.4304753903220996D-01 2.3429938269582204D-01 2.2766719259990346D-02 4.9999999999999994D-01 2.5595768033223415D-01 3.7356655200893985D-01 2.1197569931266613D-01 1.0000000000000000D+00 0.0000000000000000D+00 0.0000000000000000D+00 0.0000000000000000D+00 7.7379093449999048D-03
0.0000000000000000D+00 1.7739762402108225D-01 3.2806848494056390D-01 9.8600757574197461D-03 0.0000000000000000D+00 2.5330901961128849D-01 4.7255467156296516D-01 3.4485243745847044D-01 5.0000000000000000D-01 2.0074568871006540D-01 3.4408358758123592D-01 3.0217156256264005D-01 1.0000000000000000D+00 0.0000000000000000D+00 0.0000000000000000D+00 0.0000000000000000D+00 2.7810706199843491D-04
0.0000000000000000D+00 1.2750773521399125D-01 1.2678680639774123D-01 5.4083683824255702D-01 0.0000000000000000D+00 1.6424197210608671D-01 4.5710259934942779D-02 5.0705216535028808D-01 5.0000000000000000D-01 3.1936405166012583D-01 2.2475717410678864D-01 3.1223519211446871D-01 1.0000000000000000D+00 0.0000000000000000D+00 0.0000000000000000D+00 0.0000000000000000D+00 -4.5055850683375521D-03
0.0000000000000000D+00 4.2811447605372188D-01 9.7947228756544075D-02 3.7950005028832823D-01 0.0000000000000000D+00 4.1458131784548485D-01 4.7360201754362918D-01 1.5675906809308454D-01 4.9999999999999994D-01 3.5427973511282251D-01 1.3488237616235813D-01 3.2602548042934371D-01 1.0000000000000000D+00 0.0000000000000000D+00 0.0000000000000000D+00 0.0000000000000000D+00 -3.1004489781061448D-05
0.0000000000000000D+00 7.8271495881374886D-02 3.5864021550776992D-01 3.9358397580480103D-01 0.0000000000000000D+00 1.4969395273942054D-01 1.0095675538988431D-01 4.3766454170459962D-01 5.0000000000000000D-01 3.2091409961237327D-01 3.8317342766637236D-01 1.3865965540959469D-02 1.0000000000000000D+00 0.0000000000000000D+00 0.0000000000000000D+00 0.0000000000000000D+00 5.7455403483211225D-04
0.0000000000000000D+00 6.6650668226479370D-01 4.6127589854474471D-01 2.3456789560243360D-01 0.0000000000000000D+00 3.1996532451545651D-01 5.6438802997286630D-01 5.8203937051374788D-01 5.0000000000000000D-01 1.4072841766881503D-01 4.6382103662804841D-01 1.2274183655833946D-01 1.0000000000000000D+00 0.0000000000000000D+00 0.0000000000000000D+00 0.0000000000000000D+00 -6.6811882396540251D-07
0.0000000000000000D+00 8.6605654279409083D-01 3.9480236930019702D-01 8.1273865005691159D-01 0.0000000000000000D+00 6.4817215985002374D-01 5.3959760330992268D-01 2.3317714794301470D-01 4.9999999999999994D-01 4.6869000126959121D-01 1.2337758083033151D-01 1.2291320213209633D-01 1.0000000000000000D+00 0.0000000000000000D+00 0.0000000000000000D+00 0.0000000000000000D+00 -1.9435014180874362D-07
0.0000000000000000D+00 6.9881867551625854D-01 3.5254817472922784D-01 7.3360247334610951D-01 0.0000000000000000D+00 2.3480471763341426D-01 7.0117008135827608D-01 7.0148132458946189D-01 5.0000000000000000D-01 2.9826936318201719D-01 1.0386888198230411D-01 3.8761661773296058D-01 1.0000000000000000D+00 0.0000000000000000D+00 0.0000000000000000D+00 0.0000000000000000D+00 -1.0716985195732118D-07
0.0000000000000000D+00 3.3389512792269666D-01 6.7797549530772105D-02 1.2665221565871429D-01 0.0000000000000000D+00 3.7530911103269005D-02 4.0520404271512050D-01 6.0279166166197218D-01 4.9999999999999994D-01 1.4685874355945244D-01 2.3540928982102090D-02 4.7736603786067416D-01 1.0000000000000000D+00 0.0000000000000000D+00 0.0000000000000000D+00 0.0000000000000000D+00 3.8472855221264410D-06
0.0000000000000000D+00 5.0593920209504606D-01 5.9857723164026833D-01 3.8069364645074133D-01 0.0000000000000000D+00 2.1260667213607237D-01 5.2019276900339328D-01 7.3302249382947895D-02 5.0000000000000000D-01 4.3002532740486449D-01 5.9124304336865635D-02 2.4815828502595025D-01 1.0000000000000000D+00 0.0000000000000000D+00 0.0000000000000000D+00 0.0000000000000000D+00 -5.5346379880158248D-06
0.0000000000000000D+00 2.6201463174038381D-01 2.0001869106516229D-01 8.9238364896685046D-02 0.0000000000000000D+00 1.2264751511560493D-01 4.3410377103805869D-01 2.4484045828630341D-01 5.0000000000000000D-01 3.0695725440511251D-01 1.1216196517346819D-01 3.7841371214122355D-01 1.0000000000000000D+00 0.0000000000000000D+00 0.0000000000000000D+00 0.0000000000000000D+00 9.5851371850861266D-04
0.0000000000000000D+00 1.6636246385984074D-01 2.9915385539755035D-01 4.5833565020563011D-01 0.0000000000000000D+00 5.0112417016785449D-01 2.3291517007572347D-02 4.0187094333153078D-01 5.0000000000000000D-01 4.3218104976327421D-01 1.6104941285937419D-01 1.9308709652166089D-01 1.0000000000000000D+00 0.0000000000000000D+00 0.0000000000000000D+00 0.0000000000000000D+00 -6.7398865937634499D-05
0.0000000000000000D+00 3.1356032523958488D-01 4.9652731561291624D-01 2.1611534213864544D-01 0.0000000000000000D+00 4.7555494702035045D-01 4.0991459679690551D-01 8.2286061230435761D-02 5.0000000000000000D-01 4.9373876207880751D-01 8.2036104173449972D-03 7.8452122960485760D-02 1.0000000000000000D+00 0.0000000000000000D+00 0.0000000000000000D+00 0.0000000000000000D+00 -4.8365665693366481D-05
0.0000000000000000D+00 3.6575602762811482D-01 3.1425266721493886D-02 2.0878214810268916D-01 0.0000000000000000D+00 7.1509851291498699D-02 2.5466559341123263D-01 4.6212799643279506D-01 5.0000000000000000D-01 4.9849612434554597D-01 1.9514163561109913D-02 3.3478521965287729D-02 1.0000000000000000D+00 0.0000000000000000D+00 0.0000000000000000D+00 0.0000000000000000D+00 5.5077622696611351D-05
0.0000000000000000D+00 3.5117227551708380D-01 1.7885956419399409D-02 1.1429284900552789D-01 0.0000000000000000D+00 4.9059410207713428D-02 3.8031173705479912D-02 1.1539514257182176D-02 5.0000000000000000D-01 2.6632226287935507D-01 3.1106401417762014D-01 2.8690003725779656D-01 1.0000000000000000D+00 0.0000000000000000D+00 0.0000000000000000D+00 0.0000000000000000D+00 3.9806304959156251D-04
0.0000000000000000D+00 4.3673568594036249D-01 3.4242553475315229D-01 2.0126792270446481D-01 0.0000000000000000D+00 3.2592280114337246D-01 5.0076306809541449D-01 3.3136651596301875D-01 5.0000000000000000D-01 1.2554869471446217D-01 3.1083058776863643D-02 4.8298174780478903D-01 1.0000000000000000D+00 0.0000000000000000D+00 0.0000000000000000D+00 0.0000000000000000D+00 -2.4396335503946021D-05
0.0000000000000000D+00 5.1026467643505069D-01 3.0211247000250585D-01 5.2310326806412466D-01 0.0000000000000000D+00 4.8413520814543276D-01 4.5122411848039123D-01 5.2543094876315512D-02 5.0000000000000000D-01 3.0523440609085017D-01 3.5658312560285843D-01 1.7228009714898021D-01 1.0000000000000000D+00 0.0000000000000000D+00 0.0000000000000000D+00 0.0000000000000000D+00 -1.0829701951612239D-05
0.0000000000000000D+00 3.4981323005553483D-01 1.6857382957368425D-01 2.6327677752065692D-01 0.0000000000000000D+00 2.8361152668858525D-01 2.9543086318956313D-01 2.8661989521922648D-01 5.0000000000000000D-01 2.9897843609713620D-01 9.9995150713566031D-02 3.8808873287262780D-01 1.0000000000000000D+00 0.0000000000000000D+00 0.0000000000000000D+00 0.0000000000000000D+00 -6.7066493600041071D+00
0.0000000000000000D+00 7.4824645011000071D-02 4.5518559898434707D-01 4.2343493476528815D-01 0.0000000000000000D+00 4.2224352388426023D-01 2.6167736167955265D-02 4.5198144763832174D-02 5.0000000000000000D-01 4.0286544578598993D-01 2.3247002502527891D-01 1.8345876936358702D-01 1.0000000000000000D+00 0.0000000000000000D+00 0.0000000000000000D+00 0.0000000000000000D+00 5.5242341940118260D-05
0.0000000000000000D+00 4.3519968543784082D-01 1.7730816437563347D-02 2.3489018674498843D-01 0.0000000000000000D+00 1.9594611342306506D-01 5.6661590999944764D-02 1.7466029832166774D-01 4.9999999999999994D-01 3.1275702866127425D-01 3.8995466725339417D-01 1.0881107952109491D-02 1.0000000000000000D+00 0.0000000000000000D+00 0.0000000000000000D+00 0.0000000000000000D+00 -4.1039251600133261D-02
0.0000000000000000D+00 3.2485960710086215D-01 5.5975538810885760D-02 4.9573072549902997D-01 0.0000000000000000D+00 5.3131867123767947D-02 2.1177934031716982D-02 2.3798007032167801D-01 4.9999999999999994D-01 4.5374607594116129D-01 1.9398731934597555D-01 8.0519677725139724D-02 1.0000000000000000D+00 0.0000000000000000D+00 0.0000000000000000D+00 0.0000000000000000D+00 5.4498199065852200D-05
0.0000000000000000D+00 5.4361055856385709D-01 5.5205792968310452D-01 5.8554076058958526D-01 0.0000000000000000D+00 2.0780830009189413D-01 2.9064981562324754D-01 1.6788479150764646D-01 5.0000000000000000D-01 3.8119576770888597D-01 2.2584446867974148D-01 2.3169821459734713D-01 1.0000000000000000D+00 0.0000000000000000D+00 0.0000000000000000D+00 0.0000000000000000D+00 4.1805521920701336D-05
0.0000000000000000D+00 2.6472597025619599D-01 3.2305960872365153D-01 1.9733650605101119D-01 0.0000000000000000D+00 3.5366075025565269D-02 2.2045534764783151D-01 1.5155171806896117D-01 4.9999999999999994D-01 3.3378024350375596D-01 2.4302419486424481D-01 2.8201061993683663D-01 1.0000000000000000D+00 0.0000000000000000D+00 0.0000000000000000D+00 0.0000000000000000D+00 1.3582172251355081D-02
0.0000000000000000D+00 5.4223971523015280D-01 4.1414457070857713D-01 6.9342660337810558D-01 0.0000000000000000D+00 6.4301245575064259D-01 2.2525532768426043D-01 1.2141822103193498D-01 5.0000000000000000D-01 2.8635879991788005D-01 4.0290110448295230D-01 7.5295004588675954D-02 1.0000000000000000D+00 0.0000000000000000D+00 0.0000000000000000D+00 0.0000000000000000D+00 -1.0998811846439451D-06
0.0000000000000000D+00 3.0568307576457449D-01 5.0882881111416400D-01 3.8566364418904715D-02 0.0000000000000000D+00 7.2128245033125982D-01 5.7628082809952819D-01 2.7760075061102046D-01 5.0000000000000000D-01 2.6403342264950858D-01 3.1208816135541656D-01 2.8790159997086062D-01 1.0000000000000000D+00 0.0000000000000000D+00 0.0000000000000000D+00 0.0000000000000000D+00 -2.5395754681447733D-06
0.0000000000000000D+00 3.6159068015054402D-01 2.4204963951800207D-01 2.5416115358507696D-01 0.0000000000000000D+00 7.1861020191578209D-02 4.4173539300713177D-01 1.5727718091649878D-01 5.0000000000000000D-01 1.5823924258740921D-01 3.3258068515752394D-02 4.7313237363761590D-01 1.0000000000000000D+00 0.0000000000000000D+00 0.0000000000000000D+00 0.0000000000000000D+00 3.7288029161458187D-03
0.0000000000000000D+00 1.9512685942446578D-01 3.7133444488922224D-01 3.7732719120401809D-01 0.0000000000000000D+00 3.9446641953785494D-01 3.3177381155061975D-01 3.7644286542158895D-01 4.9999999999999994D-01 3.7515995178504241D-01 3.2597261162375657D-01 5.4743648470230603D-02 1.0000000000000000D+00 0.0000000000000000D+00 0.0000000000000000D+00 0.0000000000000000D+00 -2.2349753958573313D-04
0.0000000000000000D+00 2.1876181910781098D-01 2.4043796541528778D-01 4.1458030332907747D-01 0.0000000000000000D+00 3.2746643540650949D-01 2.9361807974175957D-01 3.1188589940714506D-01 5.0000000000000000D-01 1.5103616370203002D-01 3.9361774676979122D-01 2.6879945439313324D-01 1.0000000000000000D+00 0.0000000000000000D+00 0.0000000000000000D+00 0.0000000000000000D+00 -1.2634687944420303D-02
0.0000000000000000D+00 1.5857183802384286D-01 1.8299208977613590D-01 3.8591986763366720D-01 0.0000000000000000D+00 2.0960233521312457D-01 6.6094490600505387D-02 5.8436184501931027D-02 4.9999999999999994D-01 2.7070077442163565D-01 2.2167406597722511D-01 3.5718580487003054D-01 1.0000000000000000D+00 0.0000000000000000D+00 0.0000000000000000D+00 0.0000000000000000D+00 -3.2631723073245330D-03
0.0000000000000000D+00 2.3789550884799734D-01 5.2979825653680124D-01 9.3812645650968807D-01 0.0000000000000000D+00 6.4570640956351871D-02 1.2786847730610904D-01 7.0325686315011104D-01 5.0000000000000000D-01 3.4244674636598421D-01 1.3781108590094993D-01 3.3725113862840000D-01 1.0000000000000000D+00 0.0000000000000000D+00 0.0000000000000000D+00 0.0000000000000000D+00 -8.2834766606879885D-07
0.0000000000000000D+00 3.5942839887425809D-01 2.9929236208846138D-01 4.4632385879404282D-02 0.0000000000000000D+00 4.1399778944587282D-02 4.8365705637675349D-01 3.6573852601718915D-01 5.0000000000000000D-01 9.8574696785112687D-02 4.9002927500129323D-01 1.2423316603469315D-02 1.0000000000000000D+00 0.0000000000000000D+00 0.0000000000000000D+00 0.0000000000000000D+00 1.1599060778000394D-04
0.0000000000000000D+00 1.4004739003141695D-01 3.2248515867354544D-01 2.7022913028964890D-01 0.0000000000000000D+00 1.0795508417231003D-01 3.3909269770430112D-01 2.2754189796411839D-01 5.0000000000000000D-01 3.2928145176895235D-01 3.3966790016261661D-01 1.6186242034533474D-01 1.0000000000000000D+00 0.0000000000000000D+00 0.0000000000000000D+00 0.0000000000000000D+00 2.1475989693002680D-02
0.0000000000000000D+00 3.2168610965239469D-01 2.5925159846621920D-01 4.4983429750875581D-01 0.0000000000000000D+00 3.8004306673354876D-01 3.4559741416060785D-01 3.8760032092585445D-01 5.0000000000000000D-01 4.7527239689775153D-01 1.2216123206707594D-01 9.5878997319121931D-02 1.0000000000000000D+00 0.0000000000000000D+00 0.0000000000000000D+00 0.0000000000000000D+00 -1.6529920491555552D-04
0.0000000000000000D+00 3.7769345676285881D-01 3.8960396992423624D-01 2.6010457366447298D-01 0.0000000000000000D+00 2.4634384249369659D-01 2.0419740945561571D-01 4.4643348629041019D-01 5.0000000000000000D-01 4.0270285393716126D-01 2.9566653610999011D-01 2.0290659318644051D-02 1.0000000000000000D+00 0.0000000000000000D+00 0.0000000000000000D+00 0.0000000000000000D+00 -1.2021588251828821D-04
0.0000000000000000D+00 4.5031590899907270D-01 2.4255539380725896D-01 1.0039714347134070D-01 0.0000000000000000D+00 1.5838021957491230D-01 3.6576630143851163D-01 2.9136456246765599D-03 5.0000000000000000D-01 6.3512363680709463D-02 1.6012582221454175D-01 4.6938885875125569D-01 1.0000000000000000D+00 0.0000000000000000D+00 0.0000000000000000D+00 0.0000000000000000D+00 2.2425167551077128D-04
0.0000000000000000D+00 2.7287699144121946D-01 3.5469374386067981D-01 1.9840393312537785D-01 0.0000000000000000D+00 2.0897742188266757D-01 2.0145402841996660D-01 1.9204601709550456D-01 5.0000000000000000D-01 1.9804289057824120D-01 2.9907629169455913D-01 3.4832798514854618D-01 1.0000000000000000D+00 0.0000000000000000D+00 0.0000000000000000D+00 0.0000000000000000D+00 -2.1630339181569669D+00
0.0000000000000000D+00 1.8025082114110860D-01 2.7810810263788666D-01 1.3586524956555918D-01 0.0000000000000000D+00 1.3328310685779940D-01 2.2352178848096507D-01 2.5881711426522680D-01 5.0000000000000000D-01 2.4280374111622111D-01 4.3112652883823804D-01 7.1946225973701899D-02 1.0000000000000000D+00 0.0000000000000000D+00 0.0000000000000000D+00 0.0000000000000000D+00 6.6833562733251302D-04
0.0000000000000000D+00 2.1826327079650681D-01 3.4094820828237599D-01 2.5236418451211295D-01 0.0000000000000000D+00 1.9400651390047335D-01 1.2628339968007779D-01 1.3786250060944649D-01 4.9999999999999994D-01 3.2106175422628502D-01 3.0693996457375289D-01 2.2958050466144511D-01 1.0000000000000000D+00 0.0000000000000000D+00 0.0000000000000000D+00 0.0000000000000000D+00 4.9020316108023065D-01
0.0000000000000000D+00 4.6543711203820215D-01 4.7911711523906375D-01 4.3829833743600083D-01 0.0000000000000000D+00 1.9856082787692789D-01 2.4048183040813456D-01 4.1217886918769453D-01 5.0000000000000000D-01 1.9297652078500918D-01 3.8807515450808855D-01 2.4931453403128376D-01 1.0000000000000000D+00 0.0000000000000000D+00 0.0000000000000000D+00 0.0000000000000000D+00 -3.5764930288613266D-04
0.0000000000000000D+00 1.8433542717910195D-01 2.4984834883049595D-01 6.3816298356230303D-02 0.0000000000000000D+00 1.9417025447760383D-01 2.2741649091141461D-01 9.9488253406892872D-03 4.9999999999999994D-01 9.4250925404699884D-02 1.4253872907378673D-01 4.6989304503725876D-01 1.0000000000000000D+00 0.0000000000000000D+00 0.0000000000000000D+00 0.0000000000000000D+00 6.9857696421649697D-05
0.0000000000000000D+00 2.6162642953656429D-01 1.2742131934810885D-01 4.4274388716472679D-01 0.0000000000000000D+00 1.1445295529919726D-01 2.2799494721382907D-01 3.2816388045823863D-01 5.0000000000000000D-01 3.0677533675107410D-01 1.9236797416157844D-01 3.4479480169839483D-01 1.0000000000000000D+00 0.0000000000000000D+00 0.0000000000000000D+00 0.0000000000000000D+00 9.8935883536177271D-03
0.0000000000000000D+00 2.4247804757171959D-01 3.5711543317624406D-01 2.4526445009637698D-01 0.0000000000000000D+00 4.8490941213510885D-01 3.5747225295850865D-01 4.5609803818510750D-02 5.0000000000000000D-01 6.4623393036973995D-02 4.8242376337467308D-01 1.1441647435490339D-01 1.0000000000000000D+00 0.0000000000000000D+00 0.0000000000000000D+00 0.0000000000000000D+00 1.7169508230869838D-03
0.0000000000000000D+00 1.2583322987943995D-02 1.2191575791657587D-01 2.3099572283040590D-01 0.0000000000000000D+00 4.5842600770373038D-01 1.9216295819056856D-01 3.4833514915961539D-01 4.9999999999999994D-01 4.0170773852872066D-01 4.2927470400348042D-02 2.9459824353035136D-01 1.0000000000000000D+00 0.0000000000000000D+00 0.0000000000000000D+00 0.0000000000000000D+00 1.2102003159582606D-04
0.0000000000000000D+00 7.0956929021090664D-01 3.9162738232493077D-01 3.8086054965039978D-01 0.0000000000000000D+00 2.4705095283660092D-01 6.7416939114116192D-01 6.9091047530564531D-01 5.0000000000000000D-01 7.3516074026342651D-02 3.9393461728247853D-01 2.9901656169225888D-01 1.0000000000000000D+00 0.0000000000000000D+00 0.0000000000000000D+00 0.0000000000000000D+00 -2.4852196324601419D-07
0.0000000000000000D+00 2.4944780220610432D-01 4.4065081366510161D-02 9.8544530681777612D-02 0.0000000000000000D+00 1.0352834833414637D-01 1.7816425576094891D-01 2.9462337625836305D-01 4.9999999999999994D-01 3.1860254546546724D-01 2.9207588760944792D-01 2.5136446427464243D-01 1.0000000000000000D+00 0.0000000000000000D+00 0.0000000000000000D+00 0.0000000000000000D+00 4.7691706743724875D-04
0.0000000000000000D+00 5.0213790948752779D-02 2.2443574567023755D-01 3.8510128898848450D-01 0.0000000000000000D+00 1.6945554805182586D-01 2.9244959604992743D-01 5.2122924814444294D-01 4.9999999999999994D-01 6.6894147121866240D-02 4.9174248890375699D-01 6.0946679052894630D-02 1.0000000000000000D+00 0.0000000000000000D+00 0.0000000000000000D+00 0.0000000000000000D+00 1.8028541841907822D-04
0.0000000000000000D+00 1.6878336725742729D-01 3.9551951076493719D-01 8.7894280286389959D-02 0.0000000000000000D+00 2.2748650273660501D-01 1.8199354061608314D-01 3.8789991759619780D-01 5.0000000000000000D-01 4.3338362663983859D-01 1.2607170807145310D-01 2.1513845910121995D-01 1.0000000000000000D+00 0.0000000000000000D+00 0.0000000000000000D+00 0.0000000000000000D+00 -2.1069747850074516D-03
0.0000000000000000D+00 3.7684521249054426D-01 2.2938822463116951D-01 9.0368620801508773D-02 0.0000000000000000D+00 3.1985861252911130D-01 1.4193269002389367D-01 2.0462129800310128D-01 5.0000000000000000D-01 3.6050226196573131D-03 4.1640821374001757D-01 2.7675115779660181D-01 1.0000000000000000D+00 0.0000000000000000D+00 0.0000000000000000D+00 0.0000000000000000D+00 -1.1106787323960237D-02
0.0000000000000000D+00 5.0590439637222318D-01 5.2933175907748242D-01 1.4619203728867411D-01 0.0000000000000000D+00 2.9537236129024980D-01 2.4057241720878017D-01 4.1521793132464352D-01 5.0000000000000000D-01 4.6031615664844250D-01 1.2489521030638327D-01 1.5003407070039415D-01 1.0000000000000000D+00 0.0000000000000000D+00 0.0000000000000000D+00 0.0000000000000000D+00 -2.7309773828164824D-05
0.0000000000000000D+00 2.8125194739876463D-01 1.6392710374550751D-01 5.1849680211002003D-02 0.0000000000000000D+00 7.7777819708819931D-02 2.2334496657456523D-01 2.3833625006769779D-01 5.0000000000000000D-01 3.8232578314080073D-01 2.1216700801299238D-01 2.4251217754287774D-01 1.0000000000000000D+00 0.0000000000000000D+00 0.0000000000000000D+00 0.0000000000000000D+00 6.4503706931816774D-04
0.0000000000000000D+00 1.0843443641836562D-01 3.0143731669624130D-01 2.0381620415879476D-01 0.0000000000000000D+00 5.0658632823415140D-01 1.9453999048530138D-01 1.5618162062299931D-01 5.0000000000000000D-01 2.6784264086451648D-01 3.4277522344196615D-01 2.4650652309631041D-01 1.0000000000000000D+00 0.0000000000000000D+00 0.0000000000000000D+00 0.0000000000000000D+00 1.6869391760616255D-04
0.0000000000000000D+00 3.0307277863134630D-01 9.0663668540401449D-02 4.4025540870797103D-01 0.0000000000000000D+00 3.4732256218902846D-01 2.6756409215129401D-01 2.9100985215794455D-02 5.0000000000000000D-01 1.6311456679596439D-01 3.4528917736359421D-01 3.2275226117649009D-01 1.0000000000000000D+00 0.0000000000000000D+00 0.0000000000000000D+00 0.0000000000000000D+00 2.7058943737497462D-04
0.0000000000000000D+00 1.3301187761852418D+00 1.4604423320077733D+00 5.1662364836082875D-01 0.0000000000000000D+00 8.0881467133462293D-01 5.4066418419736606D-01 2.0955838689753353D-01 5.0000000000000000D-01 2.2953558167089061D-01 4.2014048795014930D-01 1.4420605788945343D-01 1.0000000000000000D+00 0.0000000000000000D+00 0.0000000000000000D+00 0.0000000000000000D+00 -1.5309633695405822D-08
0.0000000000000000D+00 2.3790567208914321D-01 3.1035878148276125D-01 2.4861138817260575D-01 0.0000000000000000D+00 3.0234256435236473D-01 9.9894457560830430D-02 8.8042274267364079D-02 5.0000000000000000D-01 2.5059925256691334D-01 3.9043539259377730D-01 1.8644092582651320D-01 1.0000000000000000D+00 0.0000000000000000D+00 0.0000000000000000D+00 0.0000000000000000D+00 -2.8673816585916170D-03
0.0000000000000000D+00 1.7015434858146795D-03 8.0532314734293765D-03 1.2261804467785864D-01 0.0000000000000000D+00 2.4714985210556031D-01 3.3963617639312660D-02 9.0169031248002421D-02 4.9999999999999994D-01 2.7338253884549740D-01 3.9559767195285783D-01 1.3698346396506825D-01 1.0000000000000000D+00 0.0000000000000000D+00 0.0000000000000000D+00 0.0000000000000000D+00 6.6920062768545639D-06
0.0000000000000000D+00 2.9213318348737088D-01 2.5193933776728222D-01 1.1237858626292266D-02 0.0000000000000000D+00 1.6028835123541477D-01 6.7763689117852147D-02 1.2189083968743444D-01 5.0000000000000000D-01 3.7418467537950784D-01 3.3104137872070943D-01 1.9935753956753750D-02 1.0000000000000000D+00 0.0000000000000000D+00 0.0000000000000000D+00 0.0000000000000000D+00 3.0274530550701497D-04
0.0000000000000000D+00 9.1247172805208776D-02 8.5489676917767166D-01 1.2171345232647655D-01 0.0000000000000000D+00 3.7385630754261440D-01 3.1762530955597984D-01 5.8688807549533949D-02 4.9999999999999994D-01 3.6758223023052893D-02 1.6396137011975229D-01 4.7091984684088339D-01 1.0000000000000000D+00 0.0000000000000000D+00 0.0000000000000000D+00 0.0000000000000000D+00 2.2863670594940666D-05
0.0000000000000000D+00 4.3962413245325971D-01 3.0057267596047493D-01 1.1397151425745700D-01 0.0000000000000000D+00 3.2000230421990111D-01 1.2883690191346617D-01 2.4259363360827163D-01 4.9999999999999994D-01 1.5152870239223826D-01 4.4667030754263676D-01 1.6590566208267504D-01 1.0000000000000000D+00 0.0000000000000000D+00 0.0000000000000000D+00 0.0000000000000000D+00 8.1238437082925498D-04
0.0000000000000000D+00 3.7884725392469587D-01 3.0229646303815205D-01 3.9759378885034652D-01 0.0000000000000000D+00 2.8578001788102875D-01 4.1035120126046554D-01 1.9101790545150260D-01 4.9999999999999994D-01 3.2012221572702260D-01 2.9260523668346938D-01 2.4880502901555759D-01 1.0000000000000000D+00 0.0000000000000000D+00 0.0000000000000000D+00 0.0000000000000000D+00 -2.2780740488868257D-03
0.0000000000000000D+00 5.2210468927009612D-01 4.9557765920733243D-01 3.6423631763861969D-01 0.0000000000000000D+00 8.3094178854708078D-01 5.8527213316153159D-01 5.0793661362892450D-01 5.0000000000000000D-01 4.9893408307622837D-02 4.7038644224797710D-01 1.6201000819930642D-01 1.0000000000000000D+00 0.0000000000000000D+00 0.0000000000000000D+00 0.0000000000000000D+00 -2.3388381733378067D-07
0.0000000000000000D+00 1.7055538439762927D-01 3.4473236411363734D-01 4.3305032767475682D-01 0.0000000000000000D+00 1.9862570105529442D-01 2.1490384904364515D-01 4.2050953055806367D-01 4.9999999999999994D-01 3.7536699394200118D-01 3.1988569455795152D-01 8.2296793838658108D-02 1.0000000000000000D+00 0.0000000000000000D+00 0.0000000000000000D+00 0.0000000000000000D+00 -3.8252917310555301D-03
0.0000000000000000D+00 2.4853697781858186D-01 4.3549562165141903D-01 3.6214632610830416D-01 0.0000000000000000D+00 3.6251484384385418D-01 5.6153293653706915D-01 4.8124099880170185D-01 5.0000000000000000D-01 4.5557141004288554D-01 2.0239282278754312D-02 2.0504892539191219D-01 1.0000000000000000D+00 0.0000000000000000D+00 0.0000000000000000D+00 0.0000000000000000D+00 -7.6743603677545341D-06
0.0000000000000000D+00 2.7492467132108589D-01 6.2756456743383704D-02 3.6801251841404520D-01 0.0000000000000000D+00 5.7178198710331911D-02 3.5417322776644589D-01 8.7128419536241786D-02 4.9999999999999994D-01 3.3905276911916332D-01 3.4172780853166196D-01 1.3514926795501001D-01 1.0000000000000000D+00 0.0000000000000000D+00 0.0000000000000000D+00 0.0000000000000000D+00 -3.9739766883580625D-04
0.0000000000000000D+00 4.7397059472532993D-01 8.5219317821233487D-02 4.5291064161062977D-01 0.0000000000000000D+00 2.0361524225917477D-01 2.3454310384631982D-01 6.2865799966797378D-02 5.0000000000000000D-01 3.2057311283812379D-01 1.4388636514467693D-01 3.5570998474983562D-01 1.0000000000000000D+00 0.0000000000000000D+00 0.0000000000000000D+00 0.0000000000000000D+00 4.6734523225553877D-05
0.0000000000000000D+00 3.5906186804905732D-01 2.7115734545422554D-01 3.6763789298836368D-03 0.0000000000000000D+00 4.2776135455515280D-01 4.1309409349245813D-01 2.8878789000424954D-01 5.0000000000000000D-01 1.7046323897033902D-01 2.5239535802596386D-01 3.9653356403548817D-01 1.0000000000000000D+00 0.0000000000000000D+00 0.0000000000000000D+00 0.0000000000000000D+00 1.2635718178726242D-04
0.0000000000000000D+00 2.9876716218795446D-01 5.0661638980750123D-01 3.8915894386466171D-01 0.0000000000000000D+00 2.7454898332316380D-01 6.0694145284379697D-01 2.6554536301297754D-01 5.0000000000000000D-01 3.9385324201652522D-01 3.4636802208924108D-02 3.0607174924486630D-01 1.0000000000000000D+00 0.0000000000000000D+00 0.0000000000000000D+00 0.0000000000000000D+00 -1.0415200725717781D-05
0.0000000000000000D+00 2.7628015148661447D-02 5.1995700080265916D-01 4.3585518904066503D-04 0.0000000000000000D+00 3.1062725614735723D-02 8.2059145685719551D-02 1.0306711709301968D-01 5.0000000000000000D-01 3.7518331393362886D-01 2.6309615184207191D-01 2.0004473457622804D-01 1.0000000000000000D+00 0.0000000000000000D+00 0.0000000000000000D+00 0.0000000000000000D+00 1.5594094817143790D-03
0.0000000000000000D+00 4.8528473061361105D-01 4.4846807108848774D-01 3.2308567235214708D-01 0.0000000000000000D+00 3.9572104189108542D-01 4.0441481065225049D-01 1.2095981179157533D-01 5.0000000000000000D-01 3.9877945269953230D-01 1.1831448319553114D-01 2.7744662760761007D-01 1.0000000000000000D+00 0.0000000000000000D+00 0.0000000000000000D+00 0.0000000000000000D+00 -7.8530840209429560D-05
0.0000000000000000D+00 1.4394756843777365D-01 6.3845457129390729D-02 3.1261109957424005D-01 0.0000000000000000D+00 3.6874163805547733D-01 1.2623426759507722D-01 3.5402196580417788D-01 5.0000000000000000D-01 1.3933562537280830D-01 2.6460440422098924D-01 4.0071198231251304D-01 1.0000000000000000D+00 0.0000000000000000D+00 0.0000000000000000D+00 0.0000000000000000D+00 2.6237220321357183D-03
0.0000000000000000D+00 3.7033739666765658D-01 2.6701763393838764D-02 2.0859437391905886D-01 0.0000000000000000D+00 1.8050051981211235D-01 1.4098958933489023D-01 3.9147386555348163D-01 5.0000000000000000D-01 2.1154314506741256D-01 3.3540298856266765D-01 3.0455596043784577D-01 1.0000000000000000D+00 0.0000000000000000D+00 0.0000000000000000D+00 0.0000000000000000D+00 -2.6746202565309093D-03
0.0000000000000000D+00 2.8005610108336632D-01 3.0235092604461319D-02 3.6317756971163362D-01 0.0000000000000000D+00 4.8100057566414917D-01 9.2920796153707130D-02 3.4683228867206206D-01 5.0000000000000000D-01 2.6302788447294068D-01 1.8399920580429280D-01 3.8335443685064985D-01 1.0000000000000000D+00 0.0000000000000000D+00 0.0000000000000000D+00 0.0000000000000000D+00 1.4871413942879606D-03
0.0000000000000000D+00 6.1137596682784312D-01 1.3582116827474970D-02 5.6254281906663983D-01 0.0000000000000000D+00 2.4026163131553063D-01 5.2275982959395062D-01 1.0953082063615978D-01 5.0000000000000000D-01 4.4924870912484377D-01 6.2502155449231128D-02 2.1040218134292646D-01 1.0000000000000000D+00 0.0000000000000000D+00 0.0000000000000000D+00 0.0000000000000000D+00 -1.6231951632022942D-06
0.0000000000000000D+00 4.5057858922266236D-01 3.0503581846568639D-01 3.6445658918829332D-01 0.0000000000000000D+00 2.1430301047193454D-01 2.1888426571978814D-01 2.2885282637501883D-01 5.0000000000000000D-01 3.5917527909277674D-01 3.3599129980095882D-01 9.0016472640779069D-02 1.0000000000000000D+00 0.0000000000000000D+00 0.0000000000000000D+00 0.0000000000000000D+00 4.0608679645743695D-04
0.0000000000000000D+00 5.6132823261648668D-01 6.9053630655204068D-01 7.2799780845110695D-01 0.0000000000000000D+00 1.1807024736004208D+00 1.0698345439322918D+00 1.9094809558656231D-01 5.0000000000000000D-01 4.7917629208417128D-01 1.3883053324114614D-01 3.3409042854353282D-02 1.0000000000000000D+00 0.0000000000000000D+00 0.0000000000000000D+00 0.0000000000000000D+00 -5.2913664997501536D-09
0.0000000000000000D+00 2.9019535266941381D-02 7.1187323806869193D-02 2.9806151230509365D-01 0.0000000000000000D+00 2.5959920491949057D-01 3.1043168598252169D-01 1.1224947912458656D-01 5.0000000000000000D-01 6.0505455197494826D-02 3.7821995547477449D-01 3.2138567978676891D-01 1.0000000000000000D+00 0.0000000000000000D+00 0.0000000000000000D+00 0.0000000000000000D+00 -3.2519004448611764D-04
0.0000000000000000D+00 7.1212590780990104D-01 1.4130773032376604D-02 2.9826476793666046D-01 0.0000000000000000D+00 4.7671385561944379D-01 5.5364142988014498D-01 6.8645379964325159D-01 5.0000000000000000D-01 4.0445711271709828D-01 2.9393606125152438D-01 4.0044810510947845D-03 1.0000000000000000D+00 0.0000000000000000D+00 0.0000000000000000D+00 0.0000000000000000D+00 -1.4010016463513188D-07
0.0000000000000000D+00 2.5955879694773254D-01 3.1712823251954653D-01 2.9294011972512457D-01 0.0000000000000000D+00 2.1383937863383473D-01 1.1058164438700335D-01 7.7219046046101011D-02 5.0000000000000000D-01 2.5024552250967402D-01 3.0204008370450303D-01 3.1007896784470418D-01 1.0000000000000000D+00 0.0000000000000000D+00 0.0000000000000000D+00 0.0000000000000000D+00 4.7474101545107734D-02
0.0000000000000000D+00 7.1872330600792914D-02 2.3957231532539211D-01 2.1000829314578509D-01 0.0000000000000000D+00 1.7493595041920373D-01 3.2513115132677040D-01 3.8299564304819705D-01 4.9999999999999994D-01 2.9657338515957227D-01 2.8662015645528616D-01 2.8265369823962899D-01 1.0000000000000000D+00 0.0000000000000000D+00 0.0000000000000000D+00 0.0000000000000000D+00 8.9305906661436112D-03
0.0000000000000000D+00 3.4938910913176841D-01 2.8694678611383595D-01 1.3253486044756010D-01 0.0000000000000000D+00 4.1670566492475192D-01 6.3666931509071018D-02 3.4422034382797678D-01 5.0000000000000000D-01 2.0688205331645351D-01 2.9935399973217203D-01 3.4290960741851328D-01 1.0000000000000000D+00 0.0000000000000000D+00 0.0000000000000000D+00 0.0000000000000000D+00 1.3312765104600466D-03
0.0000000000000000D+00 3.0811868477506799D-01 6.2926344761699249D-01 1.5388646312233339D-01 0.0000000000000000D+00 7.8285792090698123D-03 6.1457167323399142D-01 2.0073227300236521D-01 5.0000000000000000D-01 1.7889986998457719D-01 2.6735271734904303D-01 3.8277586267368541D-01 1.0000000000000000D+00 0.0000000000000000D+00 0.0000000000000000D+00 0.0000000000000000D+00 -1.3003827573142763D-05
0.0000000000000000D+00 8.2302049143839706D-01 5.9050675733723601D-01 2.6567304375333628D-01 0.0000000000000000D+00 4.4625586441423587D-01 3.7447713588235931D-01 4.1862932280662773D-01 5.0000000000000000D-01 3.4853973000141797D-01 1.3989544470334114D-01 3.3007472057368031D-01 1.0000000000000000D+00 0.0000000000000000D+00 0.0000000000000000D+00 0.0000000000000000D+00 -2.8557673394980842D-06
0.0000000000000000D+00 1.4877323721940924D-01 7.6747660024478082D-02 3.1235939527504064D-01 0.0000000000000000D+00 1.3764717472203081D-01 5.7922776308265866D-02 2.1675171050790121D-01 4.9999999999999994D-01 3.2303677917890156D-01 2.9845759754234674D-01 2.3784512138568686D-01 1.0000000000000000D+00 0.0000000000000000D+00 0.0000000000000000D+00 0.0000000000000000D+00 9.3904466239322595D-05
0.0000000000000000D+00 7.1964342532947401D-01 3.3087560910531760D-01 1.4048703267863796D-01 0.0000000000000000D+00 2.5103486257347529D-01 3.4390832044562131D-01 2.7478295421067550D-01 5.0000000000000000D-01 4.6047047693265081D-01 1.4670938670188011D-01 1.2823141474293787D-01 1.0000000000000000D+00 0.0000000000000000D+00 0.0000000000000000D+00 0.0000000000000000D+00 -2.3534574790577589D-04
0.0000000000000000D+00 1.0676888284473147D-01 8.3017405189650326D-02 3.3869646457583691D-01 0.0000000000000000D+00 2.2710297327055021D-01 8.3823284558696157D-02 1.8133242187612972D-01 5.0000000000000000D-01 3.6836034535141299D-01 2.4402524578735305D-01 2.3401353676872980D-01 1.0000000000000000D+00 0.0000000000000000D+00 0.0000000000000000D+00 0.0000000000000000D+00 1.7479506984634996D-03
0.0000000000000000D+00 1.8095454109022460D-01 9.0559767816284359D-02 2.8920179865568418D-01 0.0000000000000000D+00 3.5675672896100588D-02 3.6355244258977026D-01 2.6600824318275665D-02 5.0000000000000000D-01 3.4512828421300951D-01 1.7693657911154459D-01 3.1556285334064316D-01 1.0000000000000000D+00 0.0000000000000000D+00 0.0000000000000000D+00 0.0000000000000000D+00 -7.1163056032714041D-05
0.0000000000000000D+00 2.4181144400145721D-01 5.2852573574433119D-02 2.2032957693480820D-01 0.0000000000000000D+00 3.0345851339095321D-02 9.8695118578022420D-02 1.5616085730312662D-01 5.0000000000000000D-01 1.1688312371708758D-01 2.7076061124250050D-01 4.0376605452876241D-01 1.0000000000000000D+00 0.0000000000000000D+00 0.0000000000000000D+00 0.0000000000000000D+00 3.9188642260997190D-03
0.0000000000000000D+00 2.0798831325615483D-01 4.8875653037900946D-01 1.3119384006672741D-01 0.0000000000000000D+00 4.1341677003976574D-01 2.0266061023237483D-01 3.1202388186533947D-01 5.0000000000000000D-01 5.1628721957618806D-02 4.8220330088230762D-01 1.2171463218212360D-01 1.0000000000000000D+00 0.0000000000000000D+00 0.0000000000000000D+00 0.0000000000000000D+00 -1.1985138786310610D-04
0.0000000000000000D+00 2.6671020835599046D-01 1.6706093903935193D-01 4.6625982674421562D-01 0.0000000000000000D+00 3.4102950915191071D-01 3.5402983949651140D-01 4.3434664502261061D-01 4.9999999999999994D-01 1.4668920547058026D-01 3.3520961123793339D-02 4.7682137343427361D-01 1.0000000000000000D+00 0.0000000000000000D+00 0.0000000000000000D+00 0.0000000000000000D+00 -1.5590169788114354D-04
0.0000000000000000D+00 2.2207915319510191D-01 5.7156381648983001D-01 6.7315020523995539D-01 0.0000000000000000D+00 4.4273757787614776D-01 7.2682582986046365D-02 6.0091775728587105D-01 5.0000000000000000D-01 4.4571890330579800D-01 1.7302977299498656D-01 1.4627151770997715D-01 1.0000000000000000D+00 0.0000000000000000D+00 0.0000000000000000D+00 0.0000000000000000D+00 -7.8096574823474255D-07
0.0000000000000000D+00 2.1584728949592843D-01 5.1681223500268755D-02 3.8517582998246913D-01 0.0000000000000000D+00 3.0093307288791632D-01 3.4830099270632470D-01 1.6317341268347360D-01 5.0000000000000000D-01 3.9247582275420262D-01 5.6948119047204787D-02 3.0449899883316056D-01 1.0000000000000000D+00 0.0000000000000000D+00 0.0000000000000000D+00 0.0000000000000000D+00 -2.0397946575717147D-03
0.0000000000000000D+00 1.5432210404653895D-01 2.2012233008743562D-03 7.3275453188104925D-02 0.0000000000000000D+00 1.2216107474524857D-01 4.6268336904109147D-01 2.2914588763078103D-01 4.9999999999999994D-01 2.9217127631493001D-01 3.7190786447694180D-01 1.6223589503160354D-01 1.0000000000000000D+00 0.0000000000000000D+00 0.0000000000000000D+00 0.0000000000000000D+00 3.8947479026479561D-04
0.0000000000000000D+00 3.4776130397375660D-01 3.6581209998647179D-01 5.0187920316745560D-01 0.0000000000000000D+00 2.7391670139361174D-01 4.6588310076603684D-01 5.2714426169201389D-01 5.0000000000000000D-01 4.1882519760621323D-01 2.2942750195539086D-01 1.4815017784878148D-01 1.0000000000000000D+00 0.0000000000000000D+00 0.0000000000000000D+00 0.0000000000000000D+00 -1.9390575246701743D-05
0.0000000000000000D+00 4.8545296991783476D-02 4.1278694470158717D-01 6.4374813505410300D-02 0.0000000000000000D+00 2.7792077954545152D-01 2.2547608749309206D-01 2.2276075863750387D-02 5.0000000000000000D-01 1.0646567763048967D-01 4.0874850325889017D-01 2.6756255449949962D-01 1.0000000000000000D+00 0.0000000000000000D+00 0.0000000000000000D+00 0.0000000000000000D+00 -6.9268281918354795D-04
0.0000000000000000D+00 3.8184129562884694D-01 3.7505839299511023D-01 3.8840126544503036D-02 0.0000000000000000D+00 2.8011089081193746D-01 1.7620888139260122D-02 1.7459161558878167D-01 4.9999999999999994D-01 1.8248474429249226D-01 3.9525708410533289D-01 2.4590883588243323D-01 1.0000000000000000D+00 0.0000000000000000D+00 0.0000000000000000D+00 0.0000000000000000D+00 2.1558289022159552D-04
0.0000000000000000D+00 7.5795160499045042D-02 2.0334871273853775D-01 2.0816830342637299D-01 0.0000000000000000D+00 7.8617116590221900D-02 1.4350425441198525D-01 3.5005070663845983D-01 5.0000000000000000D-01 3.9152899221173232D-01 3.0990799427831806D-01 2.5730980161183730D-02 1.0000000000000000D+00 0.0000000000000000D+00 0.0000000000000000D+00 0.0000000000000000D+00 1.1016686523106522D-04
0.0000000000000000D+00 7.8322872530742638D-01 3.9638795309580116D-01 7.2113198969516945D-01 0.0000000000000000D+00 1.5284539102442957D-01 1.2768941020855495D-01 7.8390797106466437D-01 5.0000000000000000D-01 2.4686601024080362D-01 3.7226090626100092D-02 4.3321056215711640D-01 1.0000000000000000D+00 0.0000000000000000D+00 0.0000000000000000D+00 0.0000000000000000D+00 -4.0869731090756222D-07
0.0000000000000000D+00 4.1959666823372810D-01 3.5391012108771186D-01 1.6786927405621802D-01 0.0000000000000000D+00 4.2065774713221421D-01 3.3746295544608373D-01 3.5669218982516487D-01 4.9999999999999994D-01 2.7368560211998105D-01 1.6705669490308761D-01 3.8365121123265084D-01 1.0000000000000000D+00 0.0000000000000000D+00 0.0000000000000000D+00 0.0000000000000000D+00 -3.9286796469584792D-04
0.0000000000000000D+00 3.4340517883015559D-01 6.8198264147564203D-01 4.0291861278154950D-01 0.0000000000000000D+00 6.6389792835285855D-01 3.4816788110692853D-01 3.1143937039616931D-01 5.0000000000000000D-01 4.2954526795057602D-01 2.3153270574549575D-01 1.0901132487699404D-01 1.0000000000000000D+00 0.0000000000000000D+00 0.0000000000000000D+00 0.0000000000000000D+00 -1.9170586474846289D-06
0.0000000000000000D+00 2.1991633044300521D-01 3.1754681982233085D-01 1.0365547345708785D-01 0.0000000000000000D+00 3.2279291072840610D-01 2.9372642674902960D-01 2.8945256679333631D-01 4.9999999999999994D-01 1.5491070995000553D-01 3.7269773750135093D-01 2.9512551296721085D-01 1.0000000000000000D+00 0.0000000000000000D+00 0.0000000000000000D+00 0.0000000000000000D+00 8.7885062473390969D-03
0.0000000000000000D+00 3.1301710893287221D-01 6.1722637659180735D-02 3.1202022353690861D-01 0.0000000000000000D+00 7.8199797061222851D-03 4.9058863153414123D-01 1.8308385738068736D-01 5.0000000000000000D-01 2.0029268730902547D-01 2.9955045845922623D-01 3.4663000771340663D-01 1.0000000000000000D+00 0.0000000000000000D+00 0.0000000000000000D+00 0.0000000000000000D+00 3.8667289462952071D-04
0.0000000000000000D+00 3.5268205283520943D-01 2.9348974936904210D-01 3.8392880772103649D-01 0.0000000000000000D+00 5.1271322053846013D-01 2.7005789582872730D-01 3.0266145394763738D-01 4.9999999999999994D-01 4.9044369347917194D-01 2.0614446861562737D-03 9.7266304403497927D-02 1.0000000000000000D+00 0.0000000000000000D+00 0.0000000000000000D+00 0.0000000000000000D+00 -1.2158441278376357D-04
0.0000000000000000D+00 1.1713669540256035D-01 7.7100340544035001D-02 3.2291070221416379D-01 0.0000000000000000D+00 5.3415260001290932D-02 3.8881031303677746D-02 1.1431523339654499D-01 5.0000000000000000D-01 1.8330772265300452D-01 2.9605135646718200D-01 3.5882011252117779D-01 1.0000000000000000D+00 0.0000000000000000D+00 0.0000000000000000D+00 0.0000000000000000D+00 3.2714673919536627D-04
0.0000000000000000D+00 3.7174272221468541D-01 2.6568728943603465D-01 1.6408886602949747D-02 0.0000000000000000D+00 2.7694919874298396D-02 2.7524344545330942D-01 3.5778392874741788D-01 5.0000000000000000D-01 1.1586549716476549D-01 4.2295214946652993D-01 2.4018048594422461D-01 1.0000000000000000D+00 0.0000000000000000D+00 0.0000000000000000D+00 0.0000000000000000D+00 -1.0269355994460326D-03
0.0000000000000000D+00 3.6612328716270587D-01 3.9474252049635300D-01 4.7802735926629883D-02 0.0000000000000000D+00 1.0872463732460583D-01 5.9738411612973785D-01 1.7056102278150892D-01 5.0000000000000000D-01 5.3149274660898069D-02 1.8021784943361757D-01 4.6335373242107630D-01 1.0000000000000000D+00 0.0000000000000000D+00 0.0000000000000000D+00 0.0000000000000000D+00 -4.3800390158573683D-05
0.0000000000000000D+00 8.4979230777905368D-02 6.8091646195843181D-02 8.9609876023249435D-02 0.0000000000000000D+00 1.5534447549880134D-01 2.3848672223369369D-01 9.7432871956086506D-02 5.0000000000000000D-01 2.8244960040993922D-01 3.1555187569864440D-01 2.6579924185620429D-01 1.0000000000000000D+00 0.0000000000000000D+00 0.0000000000000000D+00 0.0000000000000000D+00 -2.4655119737184441D-03
0.0000000000000000D+00 4.5155156553542242D-02 1.8961062323926120D-01 5.5645602336646960D-01 0.0000000000000000D+00 5.1654457283047994D-01 8.0093686387764623D-02 2.6580490115387295D-01 5.0000000000000000D-01 2.1875249577733188D-01 4.4927671328286678D-01 1.7256317478915120D-02 1.0000000000000000D+00 0.0000000000000000D+00 0.0000000000000000D+00 0.0000000000000000D+00 -7.6014850199328568D-06
0.0000000000000000D+00 1.1476588251066518D-01 2.7275879409709231D-01 3.2263033259274027D-01 0.0000000000000000D+00 1.4779267101762226D-02 2.1403432981691409D-01 2.4141103548766948D-01 4.9999999999999994D-01 3.1755432496466862D-01 1.5445575502774328D-01 3.5398117243017796D-01 1.0000000000000000D+00 0.0000000000000000D+00 0.0000000000000000D+00 0.0000000000000000D+00 1.5304179807223742D-03
0.0000000000000000D+00 1.0034299582602302D-01 5.8328879071166101D-02 6.6096510249092855D-02 0.0000000000000000D+00 2.9820634536532586D-01 6.2231215715324535D-02 1.3549964062480171D-01 5.0000000000000000D-01 9.9771648070148905D-02 2.8103381816326649D-02 4.8913783146660422D-01 1.0000000000000000D+00 0.0000000000000000D+00 0.0000000000000000D+00 0.0000000000000000D+00 1.6343730449735734D-05
0.0000000000000000D+00 1.6509769418471587D-01 4.7520072091360882D-01 3.5651006787182288D-01 0.0000000000000000D+00 1.0833277279774524D-01 4.5968839005833784D-01 4.6099624883298752D-03 4.9999999999999994D-01 4.8389569450441927D-01 1.5904357055549215D-02 1.2486796333221475D-01 1.0000000000000000D+00 0.0000000000000000D+00 0.0000000000000000D+00 0.0000000000000000D+00 5.1855550265335546D-05
0.0000000000000000D+00 4.3301797643903756D-01 7.2000791259973261D-03 5.9992688861261723D-01 0.0000000000000000D+00 6.6412373525290821D-02 6.4101542346769824D-01 2.7539848001632648D-02 5.0000000000000000D-01 4.1434695450039455D-01 1.6430617057747543D-01 2.2653936436393013D-01 1.0000000000000000D+00 0.0000000000000000D+00 0.0000000000000000D+00 0.0000000000000000D+00 -3.8975044943824192D-07
0.0000000000000000D+00 2.0529819636493341D-01 1.5544475398664026D-01 1.6406800507712405D-01 0.0000000000000000D+00 2.7350124681724902D-01 8.1720649823922797D-02 7.5969541334578602D-02 5.0000000000000000D-01 2.8646140731662523D-01 1.2429740338415861D-01 3.9049970247124943D-01 1.0000000000000000D+00 0.0000000000000000D+00 0.0000000000000000D+00 0.0000000000000000D+00 8.7004074651043928D-05
0.0000000000000000D+00 1.7199812917055532D-01 1.9127892243966121D-01 9.3497507117053964D-03 0.0000000000000000D+00 8.3350020507227535D-03 4.2276341048092497D-02 2.5245598491790000D-01 5.0000000000000000D-01 2.6815925018832493D-01 3.8423461797936759D-01 1.7451181875358698D-01 1.0000000000000000D+00 0.0000000000000000D+00 0.0000000000000000D+00 0.0000000000000000D+00 2.8886254091008824D-05
0.0000000000000000D+00 2.5559530618651594D-01 1.2410166245016178D-01 2.6749569438460317D-02 0.0000000000000000D+00 1.5176189797858305D-01 2.5341153646002157D-01 2.9046825512954438D-01 4.9999999999999989D-01 3.4383588822915256D-01 3.0056286948982247D-01 2.0356532968487925D-01 1.0000000000000000D+00 0.0000000000000000D+00 0.0000000000000000D+00 0.0000000000000000D+00 -7.8996089031453474D-03
0.0000000000000000D+00 2.6038076630108264D-01 2.3707051897064749D-01 2.2595791623015979D-01 0.0000000000000000D+00 3.2194379077583407D-01 2.7236938801995703D-01 4.0552733908059385D-01 5.0000000000000000D-01 2.1293222501178102D-01 2.2291509321073977D-01 3.9366067719595699D-01 1.0000000000000000D+00 0.0000000000000000D+00 0.0000000000000000D+00 0.0000000000000000D+00 4.9593627682680552D-03
0.0000000000000000D+00 4.9598751359320459D-01 3.8500175099263784D-01 4.1362852236727915D-01 0.0000000000000000D+00 5.9147083297101488D-01 4.4588176224178533D-01 1.9024343420694192D-01 5.0000000000000000D-01 2.2775088691932510D-01 4.4384312632424444D-01 3.3657283345237793D-02 1.0000000000000000D+00 0.0000000000000000D+00 0.0000000000000000D+00 0.0000000000000000D+00 -7.7631908948234099D-06
0.0000000000000000D+00 2.2610934521684639D-01 4.4073185082385968D-01 1.1471283778724729D-01 0.0000000000000000D+00 2.1947775538376130D-01 3.4565711436902902D-01 4.5733361995759919D-01 5.0000000000000000D-01 3.4406034950184172D-01 3.0925132671063182D-01 1.8970000745488810D-01 1.0000000000000000D+00 0.0000000000000000D+00 0.0000000000000000D+00 0.0000000000000000D+00 -1.1624285825925572D-03
0.0000000000000000D+00 2.7233809164503686D-01 3.9973223547040704D-01 2.2187588692517876D-01 0.0000000000000000D+00 4.8872942141020842D-01 5.1001947556682057D-03 4.6789824526373791D-01 4.9999999999999994D-01 4.6206312952685791D-01 1.9081634761650279D-01 9.3158904106941578D-03 1.0000000000000000D+00 0.0000000000000000D+00 0.0000000000000000D+00 0.0000000000000000D+00 -2.3368917591005742D-05
0.0000000000000000D+00 1.4243206736764258D-01 2.4816435552223640D-01 3.3146115624351880D-01 0.0000000000000000D+00 3.6659719979334676D-01 8.7846552026964578D-02 3.4427456385102133D-02 4.9999999999999994D-01 5.0495889139830004D-02 4.1658595066198029D-01 2.7185715162752683D-01 1.0000000000000000D+00 0.0000000000000000D+00 0.0000000000000000D+00 0.0000000000000000D+00 -7.9305789339705090D-05
0.0000000000000000D+00 6.0882297132718005D-02 3.2762378016580707D-01 4.5507176000190747D-01 0.0000000000000000D+00 2.8810196309880637D-01 1.1030686304730536D-01 4.5645274080441089D-01 5.0000000000000000D-01 3.3226619849019529D-01 8.6787794067111901D-02 3.6341030824928283D-01 1.0000000000000000D+00 0.0000000000000000D+00 0.0000000000000000D+00 0.0000000000000000D+00 -2.9751106463929730D-03
0.0000000000000000D+00 2.5610745318804135D-01 2.9159873569361833D-01 1.8581029084959147D-01 0.0000000000000000D+00 1.4921804686796775D-01 2.1357071923340096D-01 2.6739848259623072D-01 5.0000000000000000D-01 2.3440091069464913D-01 4.4004015794789292D-01 3.7694461910373206D-02 1.0000000000000000D+00 0.0000000000000000D+00 0.0000000000000000D+00 0.0000000000000000D+00 3.6178997601045478D-03
0.0000000000000000D+00 2.1067608706405563D-01 9.9256552991157088D-01 6.4355797823754179D-01 0.0000000000000000D+00 6.5379772410918291D-01 6.6673557334148525D-01 2.5779576554009725D-01 4.9999999999999994D-01 4.1785899450941089D-01 2.2249056973502584D-01 1.6090931323751179D-01 1.0000000000000000D+00 0.0000000000000000D+00 0.0000000000000000D+00 0.0000000000000000D+00 -1.0804374807082675D-07
0.0000000000000000D+00 5.8930775659728230D-01 4.4298129324632007D-01 5.2357349991861724D-01 0.0000000000000000D+00 8.7143349641913281D-04 4.1955034620091597D-01 1.8299108060261246D-01 5.0000000000000000D-01 2.9653260677835452D-01 4.0214852905945098D-01 1.8573467434856942D-02 1.0000000000000000D+00 0.0000000000000000D+00 0.0000000000000000D+00 0.0000000000000000D+00 1.2274564296808970D-05
0.0000000000000000D+00 2.1750802092167890D-01 3.2494586811378051D-01 5.1295885474521052D-01 0.0000000000000000D+00 3.0107570297594899D-01 1.8631197784378700D-01 3.5419960022931091D-01 5.0000000000000000D-01 3.4237918869505385D-01 1.7147283239449937D-01 3.2151758723143692D-01 1.0000000000000000D+00 0.0000000000000000D+00 0.0000000000000000D+00 0.0000000000000000D+00 -7.5205250634040477D-01
0.0000000000000000D+00 1.0073941183150496D-01 4.1200812905161678D-03 1.1336366652548154D-01 0.0000000000000000D+00 3.1533035311220335D-02 1.7945936073443941D-01 1.8283688050926286D-01 5.0000000000000000D-01 3.1748780118887571D-01 2.7286284414028478D-01 2.7339964225274266D-01 1.0000000000000000D+00 0.0000000000000000D+00 0.0000000000000000D+00 0.0000000000000000D+00 -5.2539563309100469D-05
0.0000000000000000D+00 4.6561996903615843D-01 1.2452891581615999D-01 1.7536918214913824D-01 0.0000000000000000D+00 1.0847532801205301D-01 4.8219246241953374D-02 2.4241128134061615D-01 5.0000000000000000D-01 2.4057601753416277D-01 6.1034565792148845D-02 4.3404834012580451D-01 1.0000000000000000D+00 0.0000000000000000D+00 0.0000000000000000D+00 0.0000000000000000D+00 9.7573369444171484D-02
0.0000000000000000D+00 9.0255411934916985D-01 6.3004086243180865D-02 2.9248756414914459D-03 0.0000000000000000D+00 5.7000722601057034D-02 6.7493509763783488D-01 7.8635054036563967D-01 4.9999999999999994D-01 6.1030887813958670D-02 8.2666553946964018D-03 4.9619239528757925D-01 1.0000000000000000D+00 0.0000000000000000D+00 0.0000000000000000D+00 0.0000000000000000D+00 -7.5385639954098066D-09
0.0000000000000000D+00 2.5640121632846830D-01 1.4440205775700640D-02 6.7810631866351400D-03 0.0000000000000000D+00 1.6288231342520426D-01 1.5421291884892591D-01 2.2761910899764257D-01 5.0000000000000000D-01 4.2436591281498820D-01 1.9372364071323261D-01 1.7995755907855665D-01 1.0000000000000000D+00 0.0000000000000000D+00 0.0000000000000000D+00 0.0000000000000000D+00 1.8190009683714909D-04
0.0000000000000000D+00 2.3565251081371749D-01 9.9181568021071698D-01 2.6678506735537089D-01 0.0000000000000000D+00 6.2095211672927297D-01 5.0611994267295379D-01 3.7056623826651780D-01 5.0000000000000000D-01 4.5482597957399079D-01 1.7880889711486592D-02 2.0691448013052482D-01 1.0000000000000000D+00 0.0000000000000000D+00 0.0000000000000000D+00 0.0000000000000000D+00 -1.5617654628871642D-07
0.0000000000000000D+00 2.6820177590899147D-01 3.1904358078133405D-01 9.1491328753433021D-02 0.0000000000000000D+00 7.3961355650799115D-02 3.7946186077716026D-01 4.0967393186922281D-02 5.0000000000000000D-01 3.3302604506403716D-01 3.6788112548005147D-01 6.1295438855893031D-02 1.0000000000000000D+00 0.0000000000000000D+00 0.0000000000000000D+00 0.0000000000000000D+00 -9.3900985369918741D-03
0.0000000000000000D+00 3.6996397266303449D-01 6.6647390706599779D-02 1.9145874993770195D-02 0.0000000000000000D+00 1.2713001793267870D-01 1.5293051432271659D-01 2.6184314436549161D-01 5.0000000000000000D-01 1.9654518763808454D-01 3.5241242012182628D-01 2.9525493282955934D-01 1.0000000000000000D+00 0.0000000000000000D+00 0.0000000000000000D+00 0.0000000000000000D+00 -2.2514134368692572D-03
0.0000000000000000D+00 1.3539357283951861D-01 2.2987150363260667D-01 8.4757355507713916D-01 0.0000000000000000D+00 1.3169182663851622D-01 1.0821075629145414D+00 9.2185862219356263D-01 5.0000000000000000D-01 2.4971446454705618D-01 3.2499667059637083D-01 2.8639107929062851D-01 1.0000000000000000D+00 0.0000000000000000D+00 0.0000000000000000D+00 0.0000000000000000D+00 -2.0217875246268615D-08
0.0000000000000000D+00 1.7831572125759557D-01 1.0485273896716379D-01 1.3605492722188467D-02 0.0000000000000000D+00 1.0617164251576187D-01 8.2147730527577331D-02 1.4756500321631857D-01 4.9999999999999994D-01 1.9156601057045286D-01 3.6870239167332142D-01 2.7813847265075320D-01 1.0000000000000000D+00 0.0000000000000000D+00 0.0000000000000000D+00 0.0000000000000000D+00 -2.1147141710518930D-04
0.0000000000000000D+00 2.1951808060844538D-01 3.0834318508914327D-01 1.3786113791398180D-01 0.0000000000000000D+00 1.5197078048154969D-01 8.7201697397464820D-02 2.9610012469801439D-01 5.0000000000000000D-01 3.1291973529463168D-01 3.2485652990815683D-01 2.1575327167662720D-01 1.0000000000000000D+00 0.0000000000000000D+00 0.0000000000000000D+00 0.0000000000000000D+00 -2.7704474083366107D-03
0.0000000000000000D+00 4.5378873010310149D-02 2.8808164634315028D-02 3.1791791892074728D-01 0.0000000000000000D+00 3.5296970712254994D-01 2.1217616866892663D-01 3.6704175388258969D-01 4.9999999999999994D-01 3.7103019024388101D-01 3.0086333566427226D-01 1.4770866995730780D-01 1.0000000000000000D+00 0.0000000000000000D+00 0.0000000000000000D+00 0.0000000000000000D+00 3.3695570556775364D-04
0.0000000000000000D+00 2.1664725589829795D-01 1.6705613265234925D-01 1.8802373215915522D-01 0.0000000000000000D+00 2.2375585420079655D-01 8.1231090177486896D-03 6.0456570150297262D-02 5.0000000000000000D-01 7.9765037451610413D-02 2.6909415622388788D-01 4.1379448266802327D-01 1.0000000000000000D+00 0.0000000000000000D+00 0.0000000000000000D+00 0.0000000000000000D+00 4.0051824479527050D-05
0.0000000000000000D+00 3.8669292928168542D-01 8.1260978318019025D-02 2.4878293848877145D-01 0.0000000000000000D+00 3.4098330810083427D-01 7.3485699668526791D-02 4.3316414690294659D-02 5.0000000000000000D-01 3.3268524764996515D-01 1.2797163773365733D-01 3.5063340675390153D-01 1.0000000000000000D+00 0.0000000000000000D+00 0.0000000000000000D+00 0.0000000000000000D+00 -9.5450633304921973D-03
0.0000000000000000D+00 6.0319041199775318D-02 3.0095862953023855D-01 1.0891279347769037D-01 0.0000000000000000D+00 1.5062215231506801D-01 1.9338251208129956D-01 3.1166311256507639D-01 5.0000000000000000D-01 3.2222225769118190D-01 2.9705110069297475D-01 2.4069370624403488D-01 1.0000000000000000D+00 0.0000000000000000D+00 0.0000000000000000D+00 0.0000000000000000D+00 3.9280032224178127D-03
0.0000000000000000D+00 3.0214694881406004D-02 8.1571996544252470D-02 2.3346565691090060D-01 0.0000000000000000D+00 4.3021071342362499D-01 3.1711225312738700D-01 8.3700577644090599D-02 4.9999999999999994D-01 1.5546597784387806D-01 4.2031379640012140D-01 2.2173552329016674D-01 1.0000000000000000D+00 0.0000000000000000D+00 0.0000000000000000D+00 0.0000000000000000D+00 9.3875423849460634D-05