1 1 1 200
0.0000000000000000D+00 9.3838716900111738D-02 5.9183970450898549D-01 5.3341296800420301D-01 5.0000000000000000D-01 1.7813779442934238D-01 3.4600717763210292D-01 3.1392030712095664D-01 1.0000000000000000D+00 0.0000000000000000D+00 0.0000000000000000D+00 0.0000000000000000D+00 -4.5082615409209500D-05
0.0000000000000000D+00 3.4600625312941691D-01 4.1882466955055708D-01 4.9840936442766312D-02 4.9999999999999994D-01 1.5052961814593967D-02 4.4380458999620143D-01 2.2980621018351935D-01 1.0000000000000000D+00 0.0000000000000000D+00 0.0000000000000000D+00 0.0000000000000000D+00 -3.1923010467967524D-04
0.0000000000000000D+00 3.1473510965437429D-01 8.6956087093664595D-04 1.8389433304814998D-01 4.9999999999999994D-01 2.9791409538937630D-01 9.4452819184484796D-02 3.9028945247909608D-01 1.0000000000000000D+00 0.0000000000000000D+00 0.0000000000000000D+00 0.0000000000000000D+00 1.0072384972476763D-03
0.0000000000000000D+00 3.9222979561190802D-01 1.3310336502079042D-02 1.1072022238017754D-02 4.9999999999999989D-01 2.3557980373508602D-01 4.0864329243060882D-01 1.6586987557603769D-01 1.0000000000000000D+00 0.0000000000000000D+00 0.0000000000000000D+00 0.0000000000000000D+00 1.0973562140995719D-04
0.0000000000000000D+00 1.5523388555086565D-01 3.0252529347354101D-01 2.0813143316301921D-02 5.0000000000000000D-01 1.5888344661022635D-01 3.1382817079544645D-01 3.5534198965002639D-01 1.0000000000000000D+00 0.0000000000000000D+00 0.0000000000000000D+00 0.0000000000000000D+00 2.6121700898851219D-04
0.0000000000000000D+00 2.1432818217790631D-01 2.1228874821765023D-01 2.0117576258633330D-01 5.0000000000000000D-01 4.2261924905491949D-01 2.6646293485096867D-01 1.9760432152773313D-02 1.0000000000000000D+00 0.0000000000000000D+00 0.0000000000000000D+00 0.0000000000000000D+00 4.7581012278089365D-04
0.0000000000000000D+00 3.1574480487686835D-01 2.0976860260657587D-01 2.4212803367613625D-01 5.0000000000000000D-01 7.0081758780584660D-02 3.7416268707572298D-01 3.2417715941517927D-01 1.0000000000000000D+00 0.0000000000000000D+00 0.0000000000000000D+00 0.0000000000000000D+00 6.3613413979977799D-04
0.0000000000000000D+00 4.8380931300265266D-02 1.3314673056963264D-01 2.8874265169390961D-01 5.0000000000000000D-01 2.8462347250518949D-01 3.7476948267252780D-01 1.6892990782112433D-01 1.0000000000000000D+00 0.0000000000000000D+00 0.0000000000000000D+00 0.0000000000000000D+00 2.0360497159647577D-04
0.0000000000000000D+00 3.0594937726584909D-01 2.4707319490468999D-01 1.1182098282527539D-01 4.9999999999999994D-01 2.1658095187925627D-01 3.2527986801341385D-01 3.1190655451312865D-01 1.0000000000000000D+00 0.0000000000000000D+00 0.0000000000000000D+00 0.0000000000000000D+00 9.2531232247092796D-04
0.0000000000000000D+00 2.7141764298219273D-01 3.1638773707306744D-01 1.8545852964243884D-02 5.0000000000000000D-01 1.3038990918222002D-01 4.2833269651681311D-01 2.2255240434128792D-01 1.0000000000000000D+00 0.0000000000000000D+00 0.0000000000000000D+00 0.0000000000000000D+00 6.1977667803372882D-04
0.0000000000000000D+00 9.7446410632262545D-02 3.0911087600070986D-01 3.9598767547620284D-01 5.0000000000000000D-01 3.7990411164426768D-01 2.1105145830577729D-01 2.4724511704538180D-01 1.0000000000000000D+00 0.0000000000000000D+00 0.0000000000000000D+00 0.0000000000000000D+00 -1.8097055726220060D-03
0.0000000000000000D+00 4.0431661318889678D-01 6.1904186530898841D-01 4.1426648995866416D-01 4.9999999999999994D-01 3.1272872635431487D-01 3.8941957248399722D-01 2.3518934482430462D-02 1.0000000000000000D+00 0.0000000000000000D+00 0.0000000000000000D+00 0.0000000000000000D+00 -2.0728909735143444D-05
0.0000000000000000D+00 2.9704918389315924D-02 4.8046009229791803D-01 6.7158727675655094D-01 4.9999999999999994D-01 4.0518676046149105D-01 2.6885663526196990D-01 1.1636064120798893D-01 1.0000000000000000D+00 0.0000000000000000D+00 0.0000000000000000D+00 0.0000000000000000D+00 -6.9999775272414893D-06
0.0000000000000000D+00 2.4106097828724862D-01 4.7137032994141337D-01 3.6983035006296761D-01 5.0000000000000000D-01 2.5900183854840497D-01 4.1291591861036775D-01 1.1143828689773597D-01 1.0000000000000000D+00 0.0000000000000000D+00 0.0000000000000000D+00 0.0000000000000000D+00 -1.7792238573036373D-04
0.0000000000000000D+00 3.3626181030890001D-01 6.2338667386236879D-01 3.7816474122543769D-01 5.0000000000000000D-01 3.0050016068355434D-01 1.7624250430957941D-01 3.5866172517268402D-01 1.0000000000000000D+00 0.0000000000000000D+00 0.0000000000000000D+00 0.0000000000000000D+00 -2.5552396850886997D-05
0.0000000000000000D+00 3.3781313248371675D-01 2.0150309223137147D-03 2.7659024723012343D-01 5.0000000000000000D-01 2.8958959473914647D-01 3.1277610248695886D-01 2.6135985983292137D-01 1.0000000000000000D+00 0.0000000000000000D+00 0.0000000000000000D+00 0.0000000000000000D+00 4.9445281616059900D-04
0.0000000000000000D+00 4.1692276506905818D-01 2.6725759527432297D-01 2.8924895796672545D-01 4.9999999999999994D-01 2.1955029551031263D-01 2.8918460654220296D-02 4.4828717400202817D-01 1.0000000000000000D+00 0.0000000000000000D+00 0.0000000000000000D+00 0.0000000000000000D+00 -2.2897932024394034D-04
0.0000000000000000D+00 4.1041301676125069D-01 1.4388911429940016D-01 3.6341068725451020D-01 5.0000000000000000D-01 3.4915756279784566D-01 2.5689722249884683D-01 2.4918429608112638D-01 1.0000000000000000D+00 0.0000000000000000D+00 0.0000000000000000D+00 0.0000000000000000D+00 -1.0748301555027612D-03
0.0000000000000000D+00 5.2460338383594363D-01 6.0742350360408914D-01 5.9667091444786002D-01 5.0000000000000000D-01 4.4634136669503327D-01 2.7254130393437426D-02 2.2368861560952844D-01 1.0000000000000000D+00 0.0000000000000000D+00 0.0000000000000000D+00 0.0000000000000000D+00 -5.4927089306837368D-06
0.0000000000000000D+00 6.3624330494771703D-02 2.0983955436238613D-01 3.0912884796357493D-01 4.9999999999999994D-01 2.8666430868706649D-01 2.8618271246114430D-01 2.9312630249322258D-01 1.0000000000000000D+00 0.0000000000000000D+00 0.0000000000000000D+00 0.0000000000000000D+00 8.4816375374125081D-04
0.0000000000000000D+00 1.4820159338899668D+00 4.8864409575450045D+00 3.9075137424902842D+00 4.9999999999999994D-01 4.8318526522117383D-01 9.6891332713697029D-02 8.4522595311002549D-02 1.0000000000000000D+00 0.0000000000000000D+00 0.0000000000000000D+00 0.0000000000000000D+00 -2.9152397591733779D-09
0.0000000000000000D+00 5.2703760730625226D-01 1.7407278882783545D-01 7.6370611617976855D-02 5.0000000000000000D-01 4.3581254497442690D-01 2.4024216428932937D-01 4.8488433058741003D-02 1.0000000000000000D+00 0.0000000000000000D+00 0.0000000000000000D+00 0.0000000000000000D+00 -2.4562354146546199D-03
0.0000000000000000D+00 8.9933307808532606D-02 2.9712706567911296D-01 9.4733165225759461D-02 4.9999999999999994D-01 1.5376048472749479D-01 4.0091104525886051D-01 2.5617971646056148D-01 1.0000000000000000D+00 0.0000000000000000D+00 0.0000000000000000D+00 0.0000000000000000D+00 3.1595728055510718D-03
0.0000000000000000D+00 2.6760815420358597D-01 3.9374003453373480D-01 1.9642145962235204D-02 4.9999999999999994D-01 3.2125858954160946D-01 3.4981569224517678D-01 1.5627507832269172D-01 1.0000000000000000D+00 0.0000000000000000D+00 0.0000000000000000D+00 0.0000000000000000D+00 6.2982942627670385D-03
0.0000000000000000D+00 5.2374493333241449D-02 4.3331008361861095D-01 2.4564775925804921D-01 5.0000000000000000D-01 1.0068834485027678D-01 2.9165177505552931D-01 3.9344770849284494D-01 1.0000000000000000D+00 0.0000000000000000D+00 0.0000000000000000D+00 0.0000000000000000D+00 -7.5341169239899378D-02
0.0000000000000000D+00 1.0212484731102344D-02 8.7635793665370356D-03 7.1847943671334041D-02 5.0000000000000000D-01 3.5263032116868437D-01 7.8600889341226776D-02 3.4564976028812566D-01 1.0000000000000000D+00 0.0000000000000000D+00 0.0000000000000000D+00 0.0000000000000000D+00 8.4435028648564543D-04
0.0000000000000000D+00 2.4895530364666144D-01 1.9995772995024369D-01 8.0981181628481613D-02 5.0000000000000000D-01 3.5813638751318816D-01 2.9287280040970476D-01 1.8964137396459874D-01 1.0000000000000000D+00 0.0000000000000000D+00 0.0000000000000000D+00 0.0000000000000000D+00 1.0714792859892994D-02
0.0000000000000000D+00 1.2228170061627536D-01 3.5529555074072344D-01 2.1635176149875188D-01 5.0000000000000000D-01 3.1548725314124892D-01 1.7600011899490034D-01 3.4567578917125574D-01 1.0000000000000000D+00 0.0000000000000000D+00 0.0000000000000000D+00 0.0000000000000000D+00 5.7811280565817568D-04
0.0000000000000000D+00 2.3255178427760537D-02 1.1812742895126317D-01 3.8289903347836651D-01 5.0000000000000000D-01 3.4635816654309493D-01 1.2120543402007222D-01 3.3962518050479068D-01 1.0000000000000000D+00 0.0000000000000000D+00 0.0000000000000000D+00 0.0000000000000000D+00 3.3394950605766013D-04
0.0000000000000000D+00 3.1879175404411902D-01 9.6479542202622548D-01 7.6404163646397960D-01 5.0000000000000000D-01 4.2747369194914381D-01 2.5921105111166154D-01 8.7105495209060073D-03 1.0000000000000000D+00 0.0000000000000000D+00 0.0000000000000000D+00 0.0000000000000000D+00 -1.2342494060550919D-06
0.0000000000000000D+00 3.8827098213149569D-01 1.6753828053961875D-02 3.6206696386696380D-01 4.9999999999999994D-01 4.2515894651003616D-01 2.5198462162993224D-01 7.5786678674395508D-02 1.0000000000000000D+00 0.0000000000000000D+00 0.0000000000000000D+00 0.0000000000000000D+00 -4.9649454049249342D-04
0.0000000000000000D+00 6.0044407701523261D-01 6.7378466396577685D-01 4.8713499662380616D-01 5.0000000000000000D-01 3.5210520176533761D-01 2.6152811714753904D-01 2.4005201692769426D-01 1.0000000000000000D+00 0.0000000000000000D+00 0.0000000000000000D+00 0.0000000000000000D+00 -9.9781007122528210D-06
0.0000000000000000D+00 1.4666085273583215D-01 4.8051619136527068D-01 3.0859395247927485D-01 5.0000000000000000D-01 1.3836198902926480D-01 7.4430476146634908D-02 4.7467469303982368D-01 1.0000000000000000D+00 0.0000000000000000D+00 0.0000000000000000D+00 0.0000000000000000D+00 -1.0354353489449703D-04
0.0000000000000000D+00 1.1816571524620964D-01 1.9947540134690150D-01 1.2984886990861005D-01 4.9999999999999994D-01 3.4787330345667400D-01 3.5907105210283574D-01 7.2210999095275070D-03 1.0000000000000000D+00 0.0000000000000000D+00 0.0000000000000000D+00 0.0000000000000000D+00 5.3988748125681182D-04
0.0000000000000000D+00 1.1422525490853047D-01 1.8638637934768684D-01 5.6133589847108545D-01 5.0000000000000000D-01 4.4512227769639295D-01 1.9284394361978674D-01 1.2115020143418563D-01 1.0000000000000000D+00 0.0000000000000000D+00 0.0000000000000000D+00 0.0000000000000000D+00 -4.6307277507392908D-05
0.0000000000000000D+00 2.8822120246517197D-01 3.5798264492996540D-01 3.9836040402541828D-01 5.0000000000000000D-01 1.4694056214452825D-01 3.7708135245560809D-01 2.9362923019839066D-01 1.0000000000000000D+00 0.0000000000000000D+00 0.0000000000000000D+00 0.0000000000000000D+00 -5.4622611577495594D-04
0.0000000000000000D+00 3.2306618667804399D-01 6.5714184762525418D-01 1.5645942289695838D-01 4.9999999999999994D-01 4.8374383738901716D-01 5.6465203829963999D-02 1.1315290780438962D-01 1.0000000000000000D+00 0.0000000000000000D+00 0.0000000000000000D+00 0.0000000000000000D+00 -1.3025386430540116D-05
0.0000000000000000D+00 4.1524390541101580D-01 9.7074567428368300D-02 3.4601821679542344D-01 4.9999999999999994D-01 2.7358551146156512D-01 3.8340252661439655D-01 1.6778995948509765D-01 1.0000000000000000D+00 0.0000000000000000D+00 0.0000000000000000D+00 0.0000000000000000D+00 -3.1772996494051588D-04
0.0000000000000000D+00 1.1846530641363066D-01 1.0138232490543422D-01 3.0197947081036164D-01 5.0000000000000000D-01 2.1026764606233381D-01 3.3222812422659398D-01 3.0888831394580790D-01 1.0000000000000000D+00 0.0000000000000000D+00 0.0000000000000000D+00 0.0000000000000000D+00 7.9994939072663247D-04
0.0000000000000000D+00 7.7772886435355376D-02 3.1671512896951659D-01 5.9918792820435191D-02 4.9999999999999994D-01 2.2489471975320030D-02 4.2058608317788737D-02 4.9772009916884219D-01 1.0000000000000000D+00 0.0000000000000000D+00 0.0000000000000000D+00 0.0000000000000000D+00 4.5625238352231680D-05
0.0000000000000000D+00 3.7025000652460627D-01 3.8922464039202309D-01 1.6015055708777864D-01 5.0000000000000000D-01 2.8900885514729557D-01 3.6733126693955542D-01 1.7759961141576472D-01 1.0000000000000000D+00 0.0000000000000000D+00 0.0000000000000000D+00 0.0000000000000000D+00 -4.0221963802254783D-03
0.0000000000000000D+00 2.6236691717226523D-01 1.0283299119316640D-01 3.7574320087696136D-02 5.0000000000000000D-01 1.2260288185156672D-01 4.0945278909550359D-01 2.5945509604477585D-01 1.0000000000000000D+00 0.0000000000000000D+00 0.0000000000000000D+00 0.0000000000000000D+00 1.3041841654528300D-04
0.0000000000000000D+00 4.0493039993877850D-01 2.0037970076201439D-01 1.2133143200872661D-01 5.0000000000000000D-01 3.4450055276719027D-01 3.6233961161216977D-01 5.4198708326249475D-03 1.0000000000000000D+00 0.0000000000000000D+00 0.0000000000000000D+00 0.0000000000000000D+00 2.3940325849441399D-03
0.0000000000000000D+00 3.6522740880446025D-01 4.9947207588884220D-02 6.2705634569465971D-02 5.0000000000000000D-01 4.8216375928628258D-01 2.1804055625983518D-02 1.3054766328501952D-01 1.0000000000000000D+00 0.0000000000000000D+00 0.0000000000000000D+00 0.0000000000000000D+00 1.4656108559458319D-02
0.0000000000000000D+00 6.1767313036628702D-01 2.6316504977859034D-01 7.2232524687640645D-02 5.0000000000000000D-01 1.0462719486201588D-01 1.5090577416544404D-01 4.6505977832837120D-01 1.0000000000000000D+00 0.0000000000000000D+00 0.0000000000000000D+00 0.0000000000000000D+00 -1.4932841686502488D-05
0.0000000000000000D+00 3.7756201451927610D-02 3.3439286651323064D-01 1.3888687161611193D-01 5.0000000000000000D-01 3.5623852440605225D-01 3.3382682531636543D-01 1.0795260269301221D-01 1.0000000000000000D+00 0.0000000000000000D+00 0.0000000000000000D+00 0.0000000000000000D+00 3.1083559392174477D-04
0.0000000000000000D+00 1.9393515667935715D-01 3.6505654093095702D-01 7.6628983842419479D-02 5.0000000000000000D-01 4.9901499433417840D-01 3.0321408670130407D-02 8.0403734937425815D-03 1.0000000000000000D+00 0.0000000000000000D+00 0.0000000000000000D+00 0.0000000000000000D+00 1.3300790131646857D-04
0.0000000000000000D+00 8.9036397913541954D-01 2.6781125017307233D-01 5.4057995406394821D-01 4.9999999999999994D-01 4.0762471409348766D-01 2.8387812142519531D-01 5.7055277024167420D-02 1.0000000000000000D+00 0.0000000000000000D+00 0.0000000000000000D+00 0.0000000000000000D+00 -5.2898875223055987D-06
0.0000000000000000D+00 6.8818626759122203D-01 7.3069631297903415D-01 7.3068367602252593D-01 5.0000000000000000D-01 8.3904841641109604D-02 1.6213526123908281D-01 4.6548054160417351D-01 1.0000000000000000D+00 0.0000000000000000D+00 0.0000000000000000D+00 0.0000000000000000D+00 -2.3625439369505785D-06
0.0000000000000000D+00 5.4833032111649893D-01 3.0378579644141412D-01 3.8507498051108607D-01 5.0000000000000000D-01 3.7032789038786756D-01 1.4497095437487331D-01 3.0305226610027175D-01 1.0000000000000000D+00 0.0000000000000000D+00 0.0000000000000000D+00 0.0000000000000000D+00 -1.0508717234039698D-04
0.0000000000000000D+00 1.3763169785334231D-01 1.1034016333695555D-01 3.6440454895237867D-02 5.0000000000000000D-01 1.2574844766268065D-01 4.4039865591964056D-01 2.0059000915947958D-01 1.0000000000000000D+00 0.0000000000000000D+00 0.0000000000000000D+00 0.0000000000000000D+00 4.6696138233475804D-04
0.0000000000000000D+00 5.4817746697736469D-01 5.4099372218244535D-01 7.9092198700448557D-01 5.0000000000000000D-01 3.2829460835677121D-01 2.5792871243381976D-01 2.7512802370188705D-01 1.0000000000000000D+00 0.0000000000000000D+00 0.0000000000000000D+00 0.0000000000000000D+00 -6.3824307056718724D-06
0.0000000000000000D+00 2.2404318824004771D-01 5.9922233345717457D-01 6.3201904072940329D-01 5.0000000000000000D-01 2.1419273584173917D-01 2.3649134891936696D-01 3.8495884689006588D-01 1.0000000000000000D+00 0.0000000000000000D+00 0.0000000000000000D+00 0.0000000000000000D+00 -2.0079740420223118D-05
0.0000000000000000D+00 1.1349168107340484D+00 1.1681950232069167D+00 4.8043668709093085D-01 5.0000000000000000D-01 3.9936803131196873D-02 4.7781258352059164D-01 1.4177512752608495D-01 1.0000000000000000D+00 0.0000000000000000D+00 0.0000000000000000D+00 0.0000000000000000D+00 -5.6415546929932225D-07
0.0000000000000000D+00 2.6090425740074713D-01 3.3567167273977724D-02 3.5561526786617538D-02 4.9999999999999994D-01 3.0074830053346130D-01 1.3765588916216343D-01 3.7496841987720647D-01 1.0000000000000000D+00 0.0000000000000000D+00 0.0000000000000000D+00 0.0000000000000000D+00 2.3846162360060020D-04
0.0000000000000000D+00 2.6151954340406092D-01 4.5736343889863457D-01 8.1743689641336881D-02 5.0000000000000000D-01 2.6585038144294010D-01 4.2148822282634474D-01 4.0880957735024565D-02 1.0000000000000000D+00 0.0000000000000000D+00 0.0000000000000000D+00 0.0000000000000000D+00 -1.9395340908603970D-02
0.0000000000000000D+00 3.5905910090177212D-01 6.5531314936038476D-02 2.9361219277663220D-01 5.0000000000000000D-01 3.7255100459009016D-01 3.1076313822881063D-01 1.2096289057845694D-01 1.0000000000000000D+00 0.0000000000000000D+00 0.0000000000000000D+00 0.0000000000000000D+00 9.9805698446468662D-04
0.0000000000000000D+00 5.6173247064258358D-02 2.7033856236929860D-01 4.8319946795946239D-01 5.0000000000000000D-01 1.5425343681351050D-01 4.6974548960436430D-01 7.4465107450244053D-02 1.0000000000000000D+00 0.0000000000000000D+00 0.0000000000000000D+00 0.0000000000000000D+00 -1.4463140275067579D-04
0.0000000000000000D+00 3.0118157314965449D-01 1.0505989013878505D-02 1.0455351740587827D-01 4.9999999999999994D-01 2.9873588632462045D-01 2.6591056811161162D-01 3.0008072245381467D-01 1.0000000000000000D+00 0.0000000000000000D+00 0.0000000000000000D+00 0.0000000000000000D+00 3.0976983537287075D-04
0.0000000000000000D+00 8.5126070719067159D-01 7.5554166636764442D-01 6.9824235397794465D-01 5.0000000000000000D-01 1.8038883752978294D-01 4.3806306263406342D-01 1.5987689154570836D-01 1.0000000000000000D+00 0.0000000000000000D+00 0.0000000000000000D+00 0.0000000000000000D+00 -1.9923076025624758D-06
0.0000000000000000D+00 2.8384525841686264D-01 2.6516416500480827D-01 1.0029798784215352D-01 5.0000000000000000D-01 2.5577837056528694D-02 3.8254499304467166D-01 3.2094408009490027D-01 1.0000000000000000D+00 0.0000000000000000D+00 0.0000000000000000D+00 0.0000000000000000D+00 2.4819002073753281D-04
0.0000000000000000D+00 3.9774058440721177D-01 3.9202558046388442D-01 6.1644306971220464D-01 5.0000000000000000D-01 3.2825327910779079D-01 2.8654418263941267D-01 2.4523909996265628D-01 1.0000000000000000D+00 0.0000000000000000D+00 0.0000000000000000D+00 0.0000000000000000D+00 -3.0768155128772886D-05
0.0000000000000000D+00 1.8184920521355424D-01 1.7206196279826412D-02 4.5569176087809748D-01 5.0000000000000000D-01 2.9373143927912826D-01 4.0223352301683563D-01 4.3932158386272548D-02 1.0000000000000000D+00 0.0000000000000000D+00 0.0000000000000000D+00 0.0000000000000000D+00 4.6397738199036563D-04
0.0000000000000000D+00 1.8578441951658536D-01 7.2380640624592874D-02 6.5495001761584362D-02 5.0000000000000000D-01 1.3562485341127253D-01 4.3388065205333892D-01 2.0821498243627981D-01 1.0000000000000000D+00 0.0000000000000000D+00 0.0000000000000000D+00 0.0000000000000000D+00 2.0509091514313535D-04
0.0000000000000000D+00 2.7533921452117538D-01 4.2043781611008607D-01 1.6031596269724441D-01 4.9999999999999994D-01 5.1330106373473437D-03 3.6294888984512863D-01 3.4386298952051458D-01 1.0000000000000000D+00 0.0000000000000000D+00 0.0000000000000000D+00 0.0000000000000000D+00 -7.5330397927127809D-04
0.0000000000000000D+00 3.5462660879116648D-01 2.3956438138139002D-01 3.7521727448473985D-01 5.0000000000000000D-01 3.9976241969240917D-01 1.3028490195770354D-01 2.7058427915076971D-01 1.0000000000000000D+00 0.0000000000000000D+00 0.0000000000000000D+00 0.0000000000000000D+00 -1.1994615334290572D-03
0.0000000000000000D+00 1.7019611933061385D-01 7.9996956051285928D-02 1.4653039303186294D-01 5.0000000000000000D-01 1.9919343100294934D-01 3.2236615807870173D-01 3.2619325126502968D-01 1.0000000000000000D+00 0.0000000000000000D+00 0.0000000000000000D+00 0.0000000000000000D+00 8.7059245405367313D-04
0.0000000000000000D+00 1.3514704724345836D-01 3.1741661154101186D-01 2.3666890864446993D-02 4.9999999999999994D-01 3.5134693704827379D-02 2.5126181223468402D-01 4.3085154637161316D-01 1.0000000000000000D+00 0.0000000000000000D+00 0.0000000000000000D+00 0.0000000000000000D+00 1.1159772083855345D-04
0.0000000000000000D+00 6.9994745957231305D-02 3.3623056600776691D-01 3.8757703638552871D-01 5.0000000000000000D-01 1.3685843464094560D-01 3.0398218227548673D-01 3.7264541017791003D-01 1.0000000000000000D+00 0.0000000000000000D+00 0.0000000000000000D+00 0.0000000000000000D+00 -2.4159853915376634D-02
0.0000000000000000D+00 1.3513220862512307D-01 2.5501135792745755D-01 2.6778786050631392D-01 5.0000000000000000D-01 2.1620967040210118D-01 3.1137287074947895D-01 3.2603728894996514D-01 1.0000000000000000D+00 0.0000000000000000D+00 0.0000000000000000D+00 0.0000000000000000D+00 3.0231310593529574D-02
0.0000000000000000D+00 7.2824753108123774D-01 4.3329650845951073D-01 1.3371036127958791D-01 5.0000000000000000D-01 1.9008386039822861D-01 1.6507006489640813D-01 4.3199536998815435D-01 1.0000000000000000D+00 0.0000000000000000D+00 0.0000000000000000D+00 0.0000000000000000D+00 -7.6233129929817477D-06
0.0000000000000000D+00 3.9921805404659422D-01 2.7466209100774800D-02 3.5911783331714797D-01 5.0000000000000000D-01 3.7782974190742613D-01 1.8333286628649254D-01 2.7135538739694631D-01 1.0000000000000000D+00 0.0000000000000000D+00 0.0000000000000000D+00 0.0000000000000000D+00 -1.9661308186263993D-03
0.0000000000000000D+00 5.8112377532233042D-02 2.5738153088270199D-01 1.4355006886822655D-02 5.0000000000000000D-01 3.4600563095450443D-01 2.8490326307804142D-01 2.2160828963569848D-01 1.0000000000000000D+00 0.0000000000000000D+00 0.0000000000000000D+00 0.0000000000000000D+00 2.4459956699505515D-04
0.0000000000000000D+00 1.1598720741222238D-01 3.9577581448779464D-01 4.1596902627246940D-01 5.0000000000000000D-01 6.0318772403713035D-02 3.3633304729632119D-01 3.6502291296859662D-01 1.0000000000000000D+00 0.0000000000000000D+00 0.0000000000000000D+00 0.0000000000000000D+00 -2.0541515733413251D-03
0.0000000000000000D+00 2.3659416022554128D-01 2.5118694502247579D-01 1.5961122739593633D-01 5.0000000000000000D-01 3.3148412158475937D-01 3.4830375059734153D-01 1.3712320903846065D-01 1.0000000000000000D+00 0.0000000000000000D+00 0.0000000000000000D+00 0.0000000000000000D+00 1.0396116069176535D-02
0.0000000000000000D+00 4.1222522019830415D-01 2.2232295349925288D-01 8.4608033483205947D-02 5.0000000000000000D-01 1.6714076566964947D-01 6.4875663196886563D-02 4.6674951823877381D-01 1.0000000000000000D+00 0.0000000000000000D+00 0.0000000000000000D+00 0.0000000000000000D+00 3.3947976877185711D-04
0.0000000000000000D+00 9.2682112519341064D-01 1.1513655299485115D-01 5.8026692625884313D-01 5.0000000000000000D-01 3.9435190906603640D-01 1.1407711947584970D-01 2.8543472568709172D-01 1.0000000000000000D+00 0.0000000000000000D+00 0.0000000000000000D+00 0.0000000000000000D+00 -6.9150687823661864D-06
0.0000000000000000D+00 2.5934617209314176D-01 7.8318716781450537D-01 4.1887139685641865D-03 5.0000000000000000D-01 1.9835090234306860D-01 4.5844726380351614D-01 2.1977849093115915D-02 1.0000000000000000D+00 0.0000000000000000D+00 0.0000000000000000D+00 0.0000000000000000D+00 -4.3527679534386286D-05
0.0000000000000000D+00 4.8535140570952484D-01 4.6841390078871553D-01 6.4607578091716955D-01 5.0000000000000000D-01 1.5979629373836188D-01 2.2026023914696383D-01 4.1946462491896203D-01 1.0000000000000000D+00 0.0000000000000000D+00 0.0000000000000000D+00 0.0000000000000000D+00 -1.6189265566987939D-05
0.0000000000000000D+00 1.0335953349875801D-01 2.2158097013036368D-01 9.4907142569655739D-02 5.0000000000000000D-01 2.5857394946991497D-01 2.9926455834785948D-01 3.0590887004529715D-01 1.0000000000000000D+00 0.0000000000000000D+00 0.0000000000000000D+00 0.0000000000000000D+00 1.2689124332523590D-03
0.0000000000000000D+00 3.7907096150188418D-01 2.1233891180875580D-01 1.9109333113320512D-01 5.0000000000000000D-01 3.3316021236295645D-01 2.9943127538455111D-01 2.2213775955440548D-01 1.0000000000000000D+00 0.0000000000000000D+00 0.0000000000000000D+00 0.0000000000000000D+00 1.4842874526833272D-02
0.0000000000000000D+00 1.7317422182962278D-01 1.2834670819013333D-01 4.8862651911804861D-02 5.0000000000000000D-01 3.6489068597442020D-01 5.3350566964071616D-02 3.3765145385993700D-01 1.0000000000000000D+00 0.0000000000000000D+00 0.0000000000000000D+00 0.0000000000000000D+00 3.4835294940888025D-04
0.0000000000000000D+00 2.4716724579884089D-01 4.3738955815730790D-01 3.4497516362981190D-01 5.0000000000000000D-01 4.4127617983335066D-01 6.1915212379773668D-02 2.2680793546005373D-01 1.0000000000000000D+00 0.0000000000000000D+00 0.0000000000000000D+00 0.0000000000000000D+00 -8.3067742267977615D-05
0.0000000000000000D+00 4.4901788144031168D-01 2.4408447384465967D-01 3.9447982435432727D-01 5.0000000000000000D-01 2.7981851369964456D-01 4.1436838752060245D-01 6.6243074934375619D-04 1.0000000000000000D+00 0.0000000000000000D+00 0.0000000000000000D+00 0.0000000000000000D+00 -5.3306592198778833D-05
0.0000000000000000D+00 1.9862089941155053D-01 2.0187103297205869D-01 1.3686983330447305D-01 5.0000000000000000D-01 1.7935148647841037D-01 3.5164473491041781D-01 3.0688601256454578D-01 1.0000000000000000D+00 0.0000000000000000D+00 0.0000000000000000D+00 0.0000000000000000D+00 1.6677761714387195D-03
0.0000000000000000D+00 7.1454483157802273D-01 9.4005445848988622D-01 5.4800476148172506D-01 5.0000000000000000D-01 2.9596991156537422D-01 5.6253020173026771D-03 4.0295181774648775D-01 1.0000000000000000D+00 0.0000000000000000D+00 0.0000000000000000D+00 0.0000000000000000D+00 -1.2768180095877293D-06
0.0000000000000000D+00 2.4851627525934267D-01 3.6630007050261881D-01 3.4459548082510488D-01 4.9999999999999994D-01 2.1228607118072301D-01 4.1007147125916282D-01 1.9177072884566759D-01 1.0000000000000000D+00 0.0000000000000000D+00 0.0000000000000000D+00 0.0000000000000000D+00 -1.3280117105126396D-03
0.0000000000000000D+00 3.9831626600046227D-01 1.9518190635635677D-01 3.5538078372686710D-01 5.0000000000000000D-01 4.7133585548050067D-01 1.4572427578353414D-01 8.1283127313293749D-02 1.0000000000000000D+00 0.0000000000000000D+00 0.0000000000000000D+00 0.0000000000000000D+00 -3.7888093764263823D-04
0.0000000000000000D+00 5.3737504624489374D-01 4.6017272604098375D-01 3.1150633964046487D-01 5.0000000000000000D-01 3.0500807585616932D-03 3.3728213416169073D-01 3.6909546052844039D-01 1.0000000000000000D+00 0.0000000000000000D+00 0.0000000000000000D+00 0.0000000000000000D+00 -1.7162036144386366D-05
0.0000000000000000D+00 1.4679153225690444D-01 3.1196267057092414D-01 2.1169314501286957D-01 5.0000000000000000D-01 2.6581023011044941D-01 3.2524315684991534D-01 2.7122280599339593D-01 1.0000000000000000D+00 0.0000000000000000D+00 0.0000000000000000D+00 0.0000000000000000D+00 6.1913619974682992D-03
0.0000000000000000D+00 2.4847084551232404D-01 3.7609279147696029D-01 3.2293278904408645D-01 5.0000000000000000D-01 3.2716390372193049D-01 3.1754681793328121D-01 2.0525057496113128D-01 1.0000000000000000D+00 0.0000000000000000D+00 0.0000000000000000D+00 0.0000000000000000D+00 -1.7125380189371617D-03
0.0000000000000000D+00 2.2721390526550725D-01 2.2882810585446497D-01 3.3837450965475818D-01 5.0000000000000000D-01 2.8253556226300364D-01 3.0557043449844790D-01 2.7712878886387499D-01 1.0000000000000000D+00 0.0000000000000000D+00 0.0000000000000000D+00 0.0000000000000000D+00 1.0245516949746633D-02
0.0000000000000000D+00 3.5281657104644226D-01 2.6200219564313409D-01 1.5121779853197212D-01 5.0000000000000000D-01 1.1449331157991291D-01 3.0638203671254449D-01 3.7818160873228363D-01 1.0000000000000000D+00 0.0000000000000000D+00 0.0000000000000000D+00 0.0000000000000000D+00 6.9726373295951919D-04
0.0000000000000000D+00 4.0341059625490266D-01 1.1271842259647882D-01 6.1742408503019264D-01 4.9999999999999994D-01 3.5915659500475777D-01 3.4622925554327905D-01 3.3642872507191834D-02 1.0000000000000000D+00 0.0000000000000000D+00 0.0000000000000000D+00 0.0000000000000000D+00 -1.2685041259177649D-05
0.0000000000000000D+00 3.4156112245607168D-01 4.9850354422105275D-01 2.8286964351554533D-01 4.9999999999999994D-01 2.3774112744979226D-01 4.3966412696286028D-01 1.3214075105260441D-02 1.0000000000000000D+00 0.0000000000000000D+00 0.0000000000000000D+00 0.0000000000000000D+00 -1.2249629330974405D-04
0.0000000000000000D+00 2.5330901961128849D-01 4.7255467156296516D-01 3.4485243745847044D-01 5.0000000000000000D-01 2.0074568871006540D-01 3.4408358758123592D-01 3.0217156256264005D-01 1.0000000000000000D+00 0.0000000000000000D+00 0.0000000000000000D+00 0.0000000000000000D+00 -5.4493180226192369D-04
0.0000000000000000D+00 1.1917823500414630D-01 1.1850440118739697D-01 5.0550642828685621D-01 4.9999999999999994D-01 1.5351279133264542D-01 4.2724216624855073D-02 4.7392875436193160D-01 1.0000000000000000D+00 0.0000000000000000D+00 0.0000000000000000D+00 0.0000000000000000D+00 -8.6009006405936162D-03
0.0000000000000000D+00 2.6190397496797313D-01 1.8431879541590343D-01 2.5605774198623804D-01 4.9999999999999994D-01 3.6879244942881473D-01 8.4375092243686570D-02 3.2691432066087966D-01 1.0000000000000000D+00 0.0000000000000000D+00 0.0000000000000000D+00 0.0000000000000000D+00 2.7888904399130856D-03
0.0000000000000000D+00 4.1458131784548485D-01 4.7360201754362918D-01 1.5675906809308454D-01 4.9999999999999994D-01 3.5427973511282251D-01 1.3488237616235813D-01 3.2602548042934371D-01 1.0000000000000000D+00 0.0000000000000000D+00 0.0000000000000000D+00 0.0000000000000000D+00 -8.1474502852349901D-05
0.0000000000000000D+00 8.2661540477856787D-02 3.7875541226543963D-01 4.1565907717838907D-01 4.9999999999999994D-01 1.5808989714995897D-01 1.0661915718107288D-01 4.6221200735280887D-01 1.0000000000000000D+00 0.0000000000000000D+00 0.0000000000000000D+00 0.0000000000000000D+00 -3.8370283746301320D-04
0.0000000000000000D+00 3.1031676877178671D-01 3.7052014883815365D-01 1.3408079070906550D-02 4.9999999999999994D-01 3.9493512376433410D-01 2.7332667312838432D-01 1.3899200615078353D-01 1.0000000000000000D+00 0.0000000000000000D+00 0.0000000000000000D+00 0.0000000000000000D+00 5.9499468066008749D-03
0.0000000000000000D+00 3.1996532451545651D-01 5.6438802997286630D-01 5.8203937051374788D-01 5.0000000000000000D-01 1.4072841766881503D-01 4.6382103662804841D-01 1.2274183655833946D-01 1.0000000000000000D+00 0.0000000000000000D+00 0.0000000000000000D+00 0.0000000000000000D+00 -1.6015884301645939D-05
0.0000000000000000D+00 4.9487675053009789D-01 2.2559556329951702D-01 4.6441016526793799D-01 5.0000000000000000D-01 3.7037458456903372D-01 3.0833357330034289D-01 1.3324066451784833D-01 1.0000000000000000D+00 0.0000000000000000D+00 0.0000000000000000D+00 0.0000000000000000D+00 -5.9299088076275442D-05
0.0000000000000000D+00 2.3963262037810959D-01 6.3080699204586532D-02 6.2843270874550827D-02 5.0000000000000000D-01 3.2571115179180293D-01 1.6431855082911706D-01 3.4192347016821756D-01 1.0000000000000000D+00 0.0000000000000000D+00 0.0000000000000000D+00 0.0000000000000000D+00 5.6485041182264802D-04
0.0000000000000000D+00 2.3480471763341426D-01 7.0117008135827608D-01 7.0148132458946189D-01 5.0000000000000000D-01 2.9826936318201719D-01 1.0386888198230411D-01 3.8761661773296058D-01 1.0000000000000000D+00 0.0000000000000000D+00 0.0000000000000000D+00 0.0000000000000000D+00 -5.7492507558175244D-06
0.0000000000000000D+00 2.2954616225455524D-01 4.6609447109557479D-02 8.7070842352108296D-02 5.0000000000000000D-01 2.5801743988510178D-02 2.7856960212016374D-01 4.1440710271635678D-01 1.0000000000000000D+00 0.0000000000000000D+00 0.0000000000000000D+00 0.0000000000000000D+00 8.2120461077609476D-05
0.0000000000000000D+00 7.7153389503314893D-02 1.2367411153090273D-02 2.5078798144428355D-01 5.0000000000000000D-01 2.9032948421785271D-01 3.4348913507204759D-01 2.1845824470880537D-01 1.0000000000000000D+00 0.0000000000000000D+00 0.0000000000000000D+00 0.0000000000000000D+00 1.4974735991420116D-04
0.0000000000000000D+00 2.1260667213607237D-01 5.2019276900339328D-01 7.3302249382947895D-02 5.0000000000000000D-01 4.3002532740486449D-01 5.9124304336865635D-02 2.4815828502595025D-01 1.0000000000000000D+00 0.0000000000000000D+00 0.0000000000000000D+00 0.0000000000000000D+00 -7.7255372402915191D-05
0.0000000000000000D+00 2.5524575336152983D-01 1.9485141401530973D-01 8.6932983572362774D-02 5.0000000000000000D-01 1.1947904277582820D-01 4.2288914683772011D-01 2.3851525700515896D-01 1.0000000000000000D+00 0.0000000000000000D+00 0.0000000000000000D+00 0.0000000000000000D+00 3.6621352893160619D-04
0.0000000000000000D+00 2.5544702461642421D-01 9.3340163386007396D-02 3.1491243635166422D-01 5.0000000000000000D-01 1.4540905370656679D-01 2.6147532331979112D-01 4.0060811573777616D-01 1.0000000000000000D+00 0.0000000000000000D+00 0.0000000000000000D+00 0.0000000000000000D+00 1.1412295929709682D-03
0.0000000000000000D+00 5.0112417016785449D-01 2.3291517007572347D-02 4.0187094333153078D-01 5.0000000000000000D-01 4.3218104976327421D-01 1.6104941285937419D-01 1.9308709652166089D-01 1.0000000000000000D+00 0.0000000000000000D+00 0.0000000000000000D+00 0.0000000000000000D+00 -1.9088237988023197D-04
0.0000000000000000D+00 2.4759628087022664D-01 3.9207229614365496D-01 1.7065091035238536D-01 5.0000000000000000D-01 3.7551190872668433D-01 3.2368039407977844D-01 6.4975448384767764D-02 1.0000000000000000D+00 0.0000000000000000D+00 0.0000000000000000D+00 0.0000000000000000D+00 1.5761291124622309D-02
0.0000000000000000D+00 5.9513376583216415D-01 9.8883173371654923D-03 9.4563179885701565D-02 4.9999999999999994D-01 4.3303085891954912D-01 3.7205429882950745D-02 2.4718420501848887D-01 1.0000000000000000D+00 0.0000000000000000D+00 0.0000000000000000D+00 0.0000000000000000D+00 -3.8135688288531776D-04
0.0000000000000000D+00 7.1509851291498699D-02 2.5466559341123263D-01 4.6212799643279506D-01 5.0000000000000000D-01 4.9849612434554597D-01 1.9514163561109913D-02 3.3478521965287729D-02 1.0000000000000000D+00 0.0000000000000000D+00 0.0000000000000000D+00 0.0000000000000000D+00 -7.7190455029365205D-05
0.0000000000000000D+00 2.7810075623541533D+00 1.4164267378182244D-01 9.0510925709997203D-01 5.0000000000000000D-01 3.8851185103206798D-01 3.0117691245531947D-01 9.1383855311083687D-02 1.0000000000000000D+00 0.0000000000000000D+00 0.0000000000000000D+00 0.0000000000000000D+00 -7.8017407961080068D-08
0.0000000000000000D+00 2.7886780563691388D-01 3.2571718980030950D-01 3.0041492950018267D-01 5.0000000000000000D-01 3.6990141709532731D-01 2.9002367938422269D-01 1.7046761283981862D-01 1.0000000000000000D+00 0.0000000000000000D+00 0.0000000000000000D+00 0.0000000000000000D+00 -4.1142289385936448D-03
0.0000000000000000D+00 3.2592280114337246D-01 5.0076306809541449D-01 3.3136651596301875D-01 5.0000000000000000D-01 1.2554869471446217D-01 3.1083058776863643D-02 4.8298174780478903D-01 1.0000000000000000D+00 0.0000000000000000D+00 0.0000000000000000D+00 0.0000000000000000D+00 -2.8177747145473624D-05
0.0000000000000000D+00 3.8429869915221782D-01 2.2753177827390617D-01 3.9396790474267707D-01 5.0000000000000000D-01 3.6461965583024203D-01 3.3983312928813419D-01 3.9572096488183599D-02 1.0000000000000000D+00 0.0000000000000000D+00 0.0000000000000000D+00 0.0000000000000000D+00 -1.4514278010445165D-04
0.0000000000000000D+00 1.4962876948591769D-01 1.7480039352941584D-01 8.4453319904059798D-02 4.9999999999999994D-01 3.7281650845461600D-01 1.7965903276015921D-01 2.8058952755117794D-01 1.0000000000000000D+00 0.0000000000000000D+00 0.0000000000000000D+00 0.0000000000000000D+00 8.9618805642519776D-04
0.0000000000000000D+00 2.8361152668858525D-01 2.9543086318956313D-01 2.8661989521922648D-01 5.0000000000000000D-01 2.9897843609713620D-01 9.9995150713566031D-02 3.8808873287262780D-01 1.0000000000000000D+00 0.0000000000000000D+00 0.0000000000000000D+00 0.0000000000000000D+00 4.2768194629636952D-01
0.0000000000000000D+00 8.7933574705328102D-02 5.3493199823661464D-01 4.9761876536207234D-01 4.9999999999999994D-01 4.9621862483756723D-01 3.0752201802707307D-02 5.3116649448164896D-02 1.0000000000000000D+00 0.0000000000000000D+00 0.0000000000000000D+00 0.0000000000000000D+00 -5.5428335803193678D-06
0.0000000000000000D+00 3.6307642737209106D-01 2.0951011569782571D-01 1.6533945824183668D-01 5.0000000000000000D-01 4.3971989193545374D-01 1.7914977764767488D-02 2.3732987634927208D-01 1.0000000000000000D+00 0.0000000000000000D+00 0.0000000000000000D+00 0.0000000000000000D+00 1.5321525405233895D-03
0.0000000000000000D+00 1.9594611342306506D-01 5.6661590999944764D-02 1.7466029832166774D-01 4.9999999999999994D-01 3.1275702866127425D-01 3.8995466725339417D-01 1.0881107952109491D-02 1.0000000000000000D+00 0.0000000000000000D+00 0.0000000000000000D+00 0.0000000000000000D+00 1.5777363232273938D-04
0.0000000000000000D+00 6.6363687100740887D-01 1.1434918536325292D-01 1.0126995795764351D+00 4.9999999999999994D-01 1.0854001321823675D-01 4.3263174516019041D-02 4.8615569857956148D-01 1.0000000000000000D+00 0.0000000000000000D+00 0.0000000000000000D+00 0.0000000000000000D+00 -3.4762282387989795D-06
0.0000000000000000D+00 2.5805208662669060D-01 1.1032345003208022D-01 4.5792728473480732D-02 5.0000000000000000D-01 2.7987891314574437D-01 2.8422805797111295D-01 3.0146675610807661D-01 1.0000000000000000D+00 0.0000000000000000D+00 0.0000000000000000D+00 0.0000000000000000D+00 4.2326109613592867D-04
0.0000000000000000D+00 2.0780830009189413D-01 2.9064981562324754D-01 1.6788479150764646D-01 5.0000000000000000D-01 3.8119576770888597D-01 2.2584446867974148D-01 2.3169821459734713D-01 1.0000000000000000D+00 0.0000000000000000D+00 0.0000000000000000D+00 0.0000000000000000D+00 1.5531588015368250D-03
0.0000000000000000D+00 4.9050503943655938D-01 5.9859017973944062D-01 3.6564055498275611D-01 5.0000000000000000D-01 6.5529037473516238D-02 4.0847695784191423D-01 2.8080690903182837D-01 1.0000000000000000D+00 0.0000000000000000D+00 0.0000000000000000D+00 0.0000000000000000D+00 -1.9216551079993532D-05
0.0000000000000000D+00 3.9264816914770839D-01 2.8588571980884148D-01 3.3174807602764278D-01 5.0000000000000000D-01 2.7869458505422684D-01 2.1285760899512507D-01 3.5640000919518894D-01 1.0000000000000000D+00 0.0000000000000000D+00 0.0000000000000000D+00 0.0000000000000000D+00 -1.1046389031922248D-03
0.0000000000000000D+00 6.4301245575064259D-01 2.2525532768426043D-01 1.2141822103193498D-01 5.0000000000000000D-01 2.8635879991788005D-01 4.0290110448295230D-01 7.5295004588675954D-02 1.0000000000000000D+00 0.0000000000000000D+00 0.0000000000000000D+00 0.0000000000000000D+00 -5.4711820284775121D-05
0.0000000000000000D+00 1.5853957697678797D-01 2.6389915197585256D-01 2.0002072686597799D-02 5.0000000000000000D-01 3.7408618148153039D-01 2.9888248957916408D-01 1.4397495006954647D-01 1.0000000000000000D+00 0.0000000000000000D+00 0.0000000000000000D+00 0.0000000000000000D+00 1.0029739427619211D-03
0.0000000000000000D+00 1.4299176557628973D-01 1.6901662206192691D-01 1.5591798068201371D-01 5.0000000000000000D-01 3.5877901069908374D-01 2.4016750146929353D-01 2.5218483840188266D-01 1.0000000000000000D+00 0.0000000000000000D+00 0.0000000000000000D+00 0.0000000000000000D+00 3.0365736249395574D-03
0.0000000000000000D+00 7.1861020191578209D-02 4.4173539300713177D-01 1.5727718091649878D-01 5.0000000000000000D-01 1.5823924258740921D-01 3.3258068515752394D-02 4.7313237363761590D-01 1.0000000000000000D+00 0.0000000000000000D+00 0.0000000000000000D+00 0.0000000000000000D+00 2.3711932812386585D-04
0.0000000000000000D+00 1.5285637507596661D-01 2.9089197332459044D-01 2.9558650631267525D-01 4.9999999999999994D-01 3.0901285019191838D-01 2.5990139096353387D-01 2.9489375271695278D-01 1.0000000000000000D+00 0.0000000000000000D+00 0.0000000000000000D+00 0.0000000000000000D+00 3.1501642775521744D-03
0.0000000000000000D+00 3.6563731709790709D-01 3.1769849258803640D-01 5.3354097791000171D-02 5.0000000000000000D-01 2.0762307896125559D-01 2.2819553650767527D-01 3.9347103349626955D-01 1.0000000000000000D+00 0.0000000000000000D+00 0.0000000000000000D+00 0.0000000000000000D+00 1.2198172394719410D-03
0.0000000000000000D+00 3.2746643540650949D-01 2.9361807974175957D-01 3.1188589940714506D-01 5.0000000000000000D-01 1.5103616370203002D-01 3.9361774676979122D-01 2.6879945439313324D-01 1.0000000000000000D+00 0.0000000000000000D+00 0.0000000000000000D+00 0.0000000000000000D+00 -1.4221019191817379D-03
0.0000000000000000D+00 3.4864375214234283D-01 4.0233530484982866D-01 8.4850218270060840D-01 5.0000000000000000D-01 4.6084188414031668D-01 1.4531856025678530D-01 1.2848063615540678D-01 1.0000000000000000D+00 0.0000000000000000D+00 0.0000000000000000D+00 0.0000000000000000D+00 -3.9222576467636591D-06
0.0000000000000000D+00 4.0135043607656490D-01 3.2866172339887367D-01 5.2957616708424105D-01 5.0000000000000000D-01 1.0780686771623835D-01 2.4008814136651346D-01 4.2512981975907849D-01 1.0000000000000000D+00 0.0000000000000000D+00 0.0000000000000000D+00 0.0000000000000000D+00 -6.4902921277231216D-05
0.0000000000000000D+00 6.4570640956351871D-02 1.2786847730610904D-01 7.0325686315011104D-01 5.0000000000000000D-01 3.4244674636598421D-01 1.3781108590094993D-01 3.3725113862840000D-01 1.0000000000000000D+00 0.0000000000000000D+00 0.0000000000000000D+00 0.0000000000000000D+00 -3.4595812774824803D-05
0.0000000000000000D+00 2.9568706401672584D-01 2.4621560262278433D-01 3.6717240991743449D-02 5.0000000000000000D-01 3.4057907292264301D-02 3.9788490681017413D-01 3.0087814789966144D-01 1.0000000000000000D+00 0.0000000000000000D+00 0.0000000000000000D+00 0.0000000000000000D+00 1.5979959530028245D-04
0.0000000000000000D+00 7.4372370213000374D-02 3.6971596002016233D-01 9.3731102589206701D-03 5.0000000000000000D-01 1.5791231962361585D-01 3.6362248121086349D-01 3.0470049305694313D-01 1.0000000000000000D+00 0.0000000000000000D+00 0.0000000000000000D+00 0.0000000000000000D+00 3.6490530790942339D-04
0.0000000000000000D+00 1.0795508417231003D-01 3.3909269770430112D-01 2.2754189796411839D-01 5.0000000000000000D-01 3.2928145176895235D-01 3.3966790016261661D-01 1.6186242034533474D-01 1.0000000000000000D+00 0.0000000000000000D+00 0.0000000000000000D+00 0.0000000000000000D+00 1.0101004236044086D-03
0.0000000000000000D+00 2.4994671624372763D-01 2.0143575918645990D-01 3.4951650737301443D-01 4.9999999999999994D-01 2.9528945674368884D-01 2.6852554779287285D-01 3.0116136358861617D-01 1.0000000000000000D+00 0.0000000000000000D+00 0.0000000000000000D+00 0.0000000000000000D+00 1.8371522003698258D-02
0.0000000000000000D+00 4.1947128385844323D-01 1.0781844093489369D-01 8.4621969133976002D-02 4.9999999999999994D-01 3.1383141029465428D-01 3.2372804227447444D-01 2.1612496514193916D-01 1.0000000000000000D+00 0.0000000000000000D+00 0.0000000000000000D+00 0.0000000000000000D+00 7.5923418065003119D-04
0.0000000000000000D+00 2.4634384249369659D-01 2.0419740945561571D-01 4.4643348629041019D-01 5.0000000000000000D-01 4.0270285393716126D-01 2.9566653610999011D-01 2.0290659318644051D-02 1.0000000000000000D+00 0.0000000000000000D+00 0.0000000000000000D+00 0.0000000000000000D+00 -1.6957958554592601D-04
0.0000000000000000D+00 5.6487938553805572D-01 3.0426316076047788D-01 1.2593886998112638D-01 4.9999999999999994D-01 1.9867324100033748D-01 4.5881977402565893D-01 3.6548971894002726D-03 1.0000000000000000D+00 0.0000000000000000D+00 0.0000000000000000D+00 0.0000000000000000D+00 -6.4846044338791450D-05
0.0000000000000000D+00 4.4798800716959540D-02 1.1294564370318549D-01 3.3108605511316219D-01 5.0000000000000000D-01 2.7871673362423954D-01 3.6228441688568175D-01 2.0264990421817683D-01 1.0000000000000000D+00 0.0000000000000000D+00 0.0000000000000000D+00 0.0000000000000000D+00 1.9486859952581599D-04
0.0000000000000000D+00 2.0897742188266757D-01 2.0145402841996660D-01 1.9204601709550456D-01 5.0000000000000000D-01 1.9804289057824120D-01 2.9907629169455913D-01 3.4832798514854618D-01 1.0000000000000000D+00 0.0000000000000000D+00 0.0000000000000000D+00 0.0000000000000000D+00 3.2827400872435610D-03
0.0000000000000000D+00 2.4555174566321017D-01 3.7886057690886082D-01 1.8508625366912196D-01 4.9999999999999994D-01 1.8156865721420443D-01 3.0449883671984157D-01 3.5258088597326709D-01 1.0000000000000000D+00 0.0000000000000000D+00 0.0000000000000000D+00 0.0000000000000000D+00 6.7057298449408947D-03
0.0000000000000000D+00 1.9762359154360631D-01 3.5090387259707967D-01 5.8558700576714369D-02 4.9999999999999994D-01 2.2876577029985634D-01 3.5735412199880723D-01 2.6450756856765917D-01 1.0000000000000000D+00 0.0000000000000000D+00 0.0000000000000000D+00 0.0000000000000000D+00 1.2746138069626043D-03
0.0000000000000000D+00 1.9400651390047335D-01 1.2628339968007779D-01 1.3786250060944649D-01 4.9999999999999994D-01 3.2106175422628502D-01 3.0693996457375289D-01 2.2958050466144511D-01 1.0000000000000000D+00 0.0000000000000000D+00 0.0000000000000000D+00 0.0000000000000000D+00 6.4532736839901543D-03
0.0000000000000000D+00 4.5025025364869170D-01 4.6348388876672092D-01 4.2399699658707413D-01 5.0000000000000000D-01 1.9208193932963180D-01 2.3263509148423275D-01 3.9872978668954540D-01 1.0000000000000000D+00 0.0000000000000000D+00 0.0000000000000000D+00 0.0000000000000000D+00 -4.8954924405431629D-05
0.0000000000000000D+00 3.2195119464965211D-01 6.4744280340156868D-01 4.1594237344716634D-01 5.0000000000000000D-01 2.9076830731593445D-01 3.9410753856088121D-01 1.0066299970748864D-01 1.0000000000000000D+00 0.0000000000000000D+00 0.0000000000000000D+00 0.0000000000000000D+00 -2.8508745742195893D-05
0.0000000000000000D+00 1.9417025447760383D-01 2.2741649091141461D-01 9.9488253406892872D-03 4.9999999999999994D-01 9.4250925404699884D-02 1.4253872907378673D-01 4.6989304503725876D-01 1.0000000000000000D+00 0.0000000000000000D+00 0.0000000000000000D+00 0.0000000000000000D+00 6.1627010698033061D-05
0.0000000000000000D+00 3.1471254087621936D-01 1.5327613209749924D-01 5.3258019051760941D-01 5.0000000000000000D-01 1.3767638245419958D-01 2.7425695971047009D-01 3.9475097690150757D-01 1.0000000000000000D+00 0.0000000000000000D+00 0.0000000000000000D+00 0.0000000000000000D+00 -2.0738961752269516D-04
0.0000000000000000D+00 3.4751801387874415D-01 2.1791626739783945D-01 3.9058682471325512D-01 5.0000000000000000D-01 2.4420249804551158D-01 3.5965515949005422D-01 2.4700871685127956D-01 1.0000000000000000D+00 0.0000000000000000D+00 0.0000000000000000D+00 0.0000000000000000D+00 -6.4029376905708614D-04
0.0000000000000000D+00 4.8490941213510885D-01 3.5747225295850865D-01 4.5609803818510750D-02 5.0000000000000000D-01 6.4623393036973995D-02 4.8242376337467308D-01 1.1441647435490339D-01 1.0000000000000000D+00 0.0000000000000000D+00 0.0000000000000000D+00 0.0000000000000000D+00 -8.5189410755921735D-05
0.0000000000000000D+00 1.0365606124829169D-02 1.0042901451262293D-01 1.9028444884346263D-01 5.0000000000000000D-01 3.7763184158806884D-01 1.5829566945820769D-01 2.8694367609268123D-01 1.0000000000000000D+00 0.0000000000000000D+00 0.0000000000000000D+00 0.0000000000000000D+00 2.2170257573661469D-04
0.0000000000000000D+00 3.3196327651145791D-01 3.5474406787982041D-02 2.4345012255685933D-01 4.9999999999999994D-01 3.9618730396514590D-01 2.1866475748425346D-01 2.1265310722202413D-01 1.0000000000000000D+00 0.0000000000000000D+00 0.0000000000000000D+00 0.0000000000000000D+00 1.5366333073398436D-03
0.0000000000000000D+00 2.4705095283660092D-01 6.7416939114116192D-01 6.9091047530564531D-01 5.0000000000000000D-01 7.3516074026342651D-02 3.9393461728247853D-01 2.9901656169225888D-01 1.0000000000000000D+00 0.0000000000000000D+00 0.0000000000000000D+00 0.0000000000000000D+00 -1.1807147926165690D-05
0.0000000000000000D+00 3.4690586211949193D-01 6.1281097310227926D-02 1.3704540617710931D-01 5.0000000000000000D-01 1.4397637748273268D-01 2.4777217597035683D-01 4.0973131628161430D-01 1.0000000000000000D+00 0.0000000000000000D+00 0.0000000000000000D+00 0.0000000000000000D+00 1.7227667127336506D-04
0.0000000000000000D+00 5.5069762899553931D-01 5.0484687295357566D-01 4.3447805568390613D-01 5.0000000000000000D-01 5.5973636776749783D-02 2.5017997387781177D-01 4.2927489171448396D-01 1.0000000000000000D+00 0.0000000000000000D+00 0.0000000000000000D+00 0.0000000000000000D+00 -1.2777911708703563D-05
0.0000000000000000D+00 1.6945554805182586D-01 2.9244959604992743D-01 5.2122924814444294D-01 4.9999999999999994D-01 6.6894147121866240D-02 4.9174248890375699D-01 6.0946679052894630D-02 1.0000000000000000D+00 0.0000000000000000D+00 0.0000000000000000D+00 0.0000000000000000D+00 -4.8670051422097971D-05
0.0000000000000000D+00 1.7396165321751572D-01 4.0765407806748039D-01 9.0590883186158586D-02 5.0000000000000000D-01 2.3446580515467985D-01 1.8757711565379215D-01 3.9980071522718863D-01 1.0000000000000000D+00 0.0000000000000000D+00 0.0000000000000000D+00 0.0000000000000000D+00 3.5761794413534354D-04
0.0000000000000000D+00 4.6378413781002475D-01 1.3491524560697646D-01 2.3022975172746071D-01 5.0000000000000000D-01 4.1840939766206414D-01 2.5468862471247705D-01 1.0033583801481759D-01 1.0000000000000000D+00 0.0000000000000000D+00 0.0000000000000000D+00 0.0000000000000000D+00 -2.0843733181761920D-03
0.0000000000000000D+00 3.1985861252911130D-01 1.4193269002389367D-01 2.0462129800310128D-01 5.0000000000000000D-01 3.6050226196573131D-03 4.1640821374001757D-01 2.7675115779660181D-01 1.0000000000000000D+00 0.0000000000000000D+00 0.0000000000000000D+00 0.0000000000000000D+00 1.4974212204007506D-04
0.0000000000000000D+00 4.4889928538390333D-01 4.6968686195416659D-01 1.2971917527954882D-01 5.0000000000000000D-01 2.6208991828525902D-01 2.1346481062924608D-01 3.6843133601289452D-01 1.0000000000000000D+00 0.0000000000000000D+00 0.0000000000000000D+00 0.0000000000000000D+00 -6.7920695387736678D-05
0.0000000000000000D+00 5.0882661360115033D-01 1.3805730256766888D-01 1.6584542388239770D-01 5.0000000000000000D-01 4.2660349789368490D-01 2.4864494807662138D-01 7.8645695246765027D-02 1.0000000000000000D+00 0.0000000000000000D+00 0.0000000000000000D+00 0.0000000000000000D+00 -1.5913698916688764D-03
0.0000000000000000D+00 7.7777819708819931D-02 2.2334496657456523D-01 2.3833625006769779D-01 5.0000000000000000D-01 3.8232578314080073D-01 2.1216700801299238D-01 2.4251217754287774D-01 1.0000000000000000D+00 0.0000000000000000D+00 0.0000000000000000D+00 0.0000000000000000D+00 3.6805956581338920D-04
0.0000000000000000D+00 9.6013348463683132D-02 2.6690788539029009D-01 1.8046920220935567D-01 4.9999999999999994D-01 4.4855722283668648D-01 1.7225557224755642D-01 1.3829112650747352D-01 1.0000000000000000D+00 0.0000000000000000D+00 0.0000000000000000D+00 0.0000000000000000D+00 1.8639618701501314D-04
0.0000000000000000D+00 1.6967322510113694D-01 2.1714159275923633D-01 1.5615719979170761D-01 4.9999999999999994D-01 2.7952376782067495D-01 8.3619024939499006D-02 4.0604719170498005D-01 1.0000000000000000D+00 0.0000000000000000D+00 0.0000000000000000D+00 0.0000000000000000D+00 3.9094250518929765D-04
0.0000000000000000D+00 3.4732256218902846D-01 2.6756409215129401D-01 2.9100985215794455D-02 5.0000000000000000D-01 1.6311456679596439D-01 3.4528917736359421D-01 3.2275226117649009D-01 1.0000000000000000D+00 0.0000000000000000D+00 0.0000000000000000D+00 0.0000000000000000D+00 3.6581307112352676D-04
0.0000000000000000D+00 6.6827023784991979D-01 7.3374661124323970D-01 2.5955893154078985D-01 5.0000000000000000D-01 4.0635977964273046D-01 2.7163723228292214D-01 1.0528505841944229D-01 1.0000000000000000D+00 0.0000000000000000D+00 0.0000000000000000D+00 0.0000000000000000D+00 -9.4891821043758260D-06
0.0000000000000000D+00 6.6753199959947482D-02 1.2218463821272964D-01 4.1937793468258745D-02 4.9999999999999994D-01 2.5670193492484089D-01 3.3487936217715930D-01 2.6825347974194425D-01 1.0000000000000000D+00 0.0000000000000000D+00 0.0000000000000000D+00 0.0000000000000000D+00 2.4502141696303367D-03
0.0000000000000000D+00 3.0234256435236473D-01 9.9894457560830430D-02 8.8042274267364079D-02 5.0000000000000000D-01 2.5059925256691334D-01 3.9043539259377730D-01 1.8644092582651320D-01 1.0000000000000000D+00 0.0000000000000000D+00 0.0000000000000000D+00 0.0000000000000000D+00 3.4414738889877017D-04
0.0000000000000000D+00 3.2072177270568675D-03 1.5179433824054529D-02 2.3112119662318797D-01 5.0000000000000000D-01 4.6584962037154043D-01 6.4017591954537129D-02 1.6995846292560446D-01 1.0000000000000000D+00 0.0000000000000000D+00 0.0000000000000000D+00 0.0000000000000000D+00 6.7593738239631415D-05
0.0000000000000000D+00 4.2856612556886131D-01 6.2015577976877800D-01 2.1474111940883353D-01 5.0000000000000000D-01 3.7848006562321818D-01 3.2640597672928634D-01 1.4559473934351657D-02 1.0000000000000000D+00 0.0000000000000000D+00 0.0000000000000000D+00 0.0000000000000000D+00 -4.3802310939607929D-05
0.0000000000000000D+00 1.6028835123541477D-01 6.7763689117852147D-02 1.2189083968743444D-01 5.0000000000000000D-01 3.7418467537950784D-01 3.3104137872070943D-01 1.9935753956753750D-02 1.0000000000000000D+00 0.0000000000000000D+00 0.0000000000000000D+00 0.0000000000000000D+00 3.8986229478236452D-04
0.0000000000000000D+00 9.2343566085198447D-02 8.6516890193527718D-01 1.2317591748690369D-01 5.0000000000000000D-01 3.7834843075772484D-01 3.2144178128048168D-01 5.9393991197747131D-02 1.0000000000000000D+00 0.0000000000000000D+00 0.0000000000000000D+00 0.0000000000000000D+00 -9.3457548663585447D-06
0.0000000000000000D+00 1.3473806532024365D-02 6.0100396538039801D-02 1.7261669326194834D-01 4.9999999999999994D-01 4.0361183513336629D-01 2.7595093258046283D-01 1.0463541154049709D-01 1.0000000000000000D+00 0.0000000000000000D+00 0.0000000000000000D+00 0.0000000000000000D+00 1.0061330439056730D-04
0.0000000000000000D+00 3.2000230421990111D-01 1.2883690191346617D-01 2.4259363360827163D-01 4.9999999999999994D-01 1.5152870239223826D-01 4.4667030754263676D-01 1.6590566208267504D-01 1.0000000000000000D+00 0.0000000000000000D+00 0.0000000000000000D+00 0.0000000000000000D+00 2.7133793960433788D-04
0.0000000000000000D+00 3.5386437781770397D-01 2.8236168720059196D-01 3.7137468269382645D-01 5.0000000000000000D-01 2.6693441003614565D-01 3.8329081448125113D-01 1.7842133357015921D-01 1.0000000000000000D+00 0.0000000000000000D+00 0.0000000000000000D+00 0.0000000000000000D+00 -4.4027209933218388D-04
0.0000000000000000D+00 3.8925840435828807D-01 3.5579863546681023D-01 3.0253897990478679D-01 4.9999999999999994D-01 3.2358193544724073D-01 3.0714142474932654D-01 2.2574072794950292D-01 1.0000000000000000D+00 0.0000000000000000D+00 0.0000000000000000D+00 0.0000000000000000D+00 -1.1562631942794934D-03
0.0000000000000000D+00 8.3094178854708078D-01 5.8527213316153159D-01 5.0793661362892450D-01 5.0000000000000000D-01 4.9893408307622837D-02 4.7038644224797710D-01 1.6201000819930642D-01 1.0000000000000000D+00 0.0000000000000000D+00 0.0000000000000000D+00 0.0000000000000000D+00 -2.5002286811350801D-06
0.0000000000000000D+00 1.6645639530981779D-01 3.3644734746811833D-01 4.2264274908155536D-01 5.0000000000000000D-01 1.9385209285722999D-01 2.0973902510525280D-01 4.1040334726067967D-01 1.0000000000000000D+00 0.0000000000000000D+00 0.0000000000000000D+00 0.0000000000000000D+00 -1.8147570287147651D-03
0.0000000000000000D+00 2.5457336238478989D-01 2.1694602390905529D-01 5.5813568745024439D-02 4.9999999999999994D-01 2.0091000905782216D-01 3.5204189758231985D-01 2.9274847669462811D-01 1.0000000000000000D+00 0.0000000000000000D+00 0.0000000000000000D+00 0.0000000000000000D+00 5.1556844462590282D-04
0.0000000000000000D+00 3.6251484384385418D-01 5.6153293653706915D-01 4.8124099880170185D-01 5.0000000000000000D-01 4.5557141004288554D-01 2.0239282278754312D-02 2.0504892539191219D-01 1.0000000000000000D+00 0.0000000000000000D+00 0.0000000000000000D+00 0.0000000000000000D+00 -1.0798132813032410D-05
0.0000000000000000D+00 3.7233749590992044D-01 8.4992670333033815D-02 4.9840874197047613D-01 5.0000000000000000D-01 7.7437893173219835D-02 4.7966583759548603D-01 1.1800024129091363D-01 1.0000000000000000D+00 0.0000000000000000D+00 0.0000000000000000D+00 0.0000000000000000D+00 -2.4300432360478692D-05
0.0000000000000000D+00 3.3951534731023014D-01 3.4219403634604750D-01 1.3533365548871767D-01 4.9999999999999994D-01 3.5847721063308041D-01 6.4453752373210535D-02 3.4254897936169498D-01 1.0000000000000000D+00 0.0000000000000000D+00 0.0000000000000000D+00 0.0000000000000000D+00 -2.9025888037430770D-02
0.0000000000000000D+00 2.0361524225917477D-01 2.3454310384631982D-01 6.2865799966797378D-02 5.0000000000000000D-01 3.2057311283812379D-01 1.4388636514467693D-01 3.5570998474983562D-01 1.0000000000000000D+00 0.0000000000000000D+00 0.0000000000000000D+00 0.0000000000000000D+00 2.8795525638042644D-04
0.0000000000000000D+00 2.7157273963211537D-01 2.0508706083575251D-01 2.7805912762027840D-03 5.0000000000000000D-01 3.2353288751178622D-01 3.1243945592202127D-01 2.1842174132040343D-01 1.0000000000000000D+00 0.0000000000000000D+00 0.0000000000000000D+00 0.0000000000000000D+00 8.2639747564801347D-04
0.0000000000000000D+00 1.7493263330941913D-01 2.5901293957131760D-01 4.0693032099646465D-01 4.9999999999999994D-01 2.1181881216483603D-01 3.5917897109707508D-01 2.7590443551114652D-01 1.0000000000000000D+00 0.0000000000000000D+00 0.0000000000000000D+00 0.0000000000000000D+00 -7.2309099023287861D-03
0.0000000000000000D+00 2.7454898332316380D-01 6.0694145284379697D-01 2.6554536301297754D-01 5.0000000000000000D-01 3.9385324201652522D-01 3.4636802208924108D-02 3.0607174924486630D-01 1.0000000000000000D+00 0.0000000000000000D+00 0.0000000000000000D+00 0.0000000000000000D+00 -1.7932270526517315D-05
0.0000000000000000D+00 1.0205635242832353D-01 1.9206922623995029D+00 1.6100248440251341D-03 5.0000000000000000D-01 1.1474398199305218D-01 3.0312192341745853D-01 3.8072420219901770D-01 1.0000000000000000D+00 0.0000000000000000D+00 0.0000000000000000D+00 0.0000000000000000D+00 -2.3836233051802609D-07
0.0000000000000000D+00 1.7039861164884837D-01 1.1949150545638192D-01 9.0855173387273280D-02 4.9999999999999994D-01 3.2988630972828659D-01 3.0485912222146200D-01 2.1962681587687019D-01 1.0000000000000000D+00 0.0000000000000000D+00 0.0000000000000000D+00 0.0000000000000000D+00 1.1774602718374681D-02
0.0000000000000000D+00 3.9572104189108542D-01 4.0441481065225049D-01 1.2095981179157533D-01 5.0000000000000000D-01 3.9877945269953230D-01 1.1831448319553114D-01 2.7744662760761007D-01 1.0000000000000000D+00 0.0000000000000000D+00 0.0000000000000000D+00 0.0000000000000000D+00 -2.4576322285980111D-04
0.0000000000000000D+00 1.3669376709321043D-01 6.0628158860336408D-02 2.9685801086960334D-01 4.9999999999999994D-01 3.5016002101983057D-01 1.1987307434986477D-01 3.3618210202999144D-01 1.0000000000000000D+00 0.0000000000000000D+00 0.0000000000000000D+00 0.0000000000000000D+00 1.3464096178409555D-03
0.0000000000000000D+00 1.9499340929031037D-01 3.7030095321444761D-01 5.6077686783644320D-01 5.0000000000000000D-01 4.3479005111427554D-01 3.1348875850275099D-02 2.4489765093803917D-01 1.0000000000000000D+00 0.0000000000000000D+00 0.0000000000000000D+00 0.0000000000000000D+00 -2.7332584308203505D-05
0.0000000000000000D+00 1.8050051981211235D-01 1.4098958933489023D-01 3.9147386555348163D-01 5.0000000000000000D-01 2.1154314506741256D-01 3.3540298856266765D-01 3.0455596043784577D-01 1.0000000000000000D+00 0.0000000000000000D+00 0.0000000000000000D+00 0.0000000000000000D+00 1.6632800149107667D-03
0.0000000000000000D+00 2.3328663775797293D-01 2.5185821943211603D-02 3.0252679309392477D-01 5.0000000000000000D-01 4.0067331731843314D-01 7.7402991859975637D-02 2.8891117950014800D-01 1.0000000000000000D+00 0.0000000000000000D+00 0.0000000000000000D+00 0.0000000000000000D+00 2.4511088272938016D-03
0.0000000000000000D+00 1.8388622801337595D-01 1.2863624699186252D-01 2.6800809171207873D-01 5.0000000000000000D-01 3.6789327737823696D-01 8.1729896896665308D-03 3.3850810728759839D-01 1.0000000000000000D+00 0.0000000000000000D+00 0.0000000000000000D+00 0.0000000000000000D+00 1.0218465658942588D-03